201 1 5
201 111 5
201 283 5
201 291 5
201 305 5
201 361 3
201 475 4
201 740 5
202 259 4
202 288 4
202 294 2
202 682 2
202 876 2
202 880 4
202 887 4
202 895 2
202 948 2
203 7 4
203 9 4
203 111 4
203 118 4
203 121 4
203 123 4
203 127 4
203 129 4
203 148 4
203 181 4
203 222 4
203 235 4
203 240 3
203 258 4
203 274 4
203 276 4
203 284 4
203 291 3
203 370 4
203 410 4
203 471 4
203 472 4
203 477 4
203 515 4
203 546 4
203 597 4
203 748 3
203 845 3
203 864 3
203 866 4
203 925 4
203 928 3
204 22 4
204 66 4
204 243 4
204 245 2
204 258 3
204 259 3
204 269 4
204 270 5
204 289 4
204 294 4
204 300 3
204 302 3
204 307 3
204 310 3
204 313 3
204 323 4
204 327 4
204 328 4
204 332 4
204 333 4
204 342 4
204 343 4
204 348 3
204 689 3
204 690 3
204 748 4
204 754 3
204 879 3
204 892 3
204 901 1
205 2 3
205 5 4
205 8 4
205 11 4
205 12 4
205 22 3
205 23 3
205 28 3
205 29 3
205 30 4
205 31 3
205 32 3
205 33 3
205 37 2
205 38 2
205 39 3
205 41 4
205 42 3
205 43 3
205 45 4
205 47 4
205 48 3
205 49 3
205 50 3
205 51 3
205 52 3
205 53 4
205 55 4
205 56 4
205 57 4
205 58 3
205 60 3
205 61 3
205 62 3
205 63 5
205 64 4
205 66 3
205 67 3
205 68 3
205 70 3
205 71 3
205 72 3
205 73 3
205 75 4
205 76 4
205 77 3
205 78 3
205 80 2
205 81 3
205 82 3
205 83 2
205 85 3
205 87 3
205 88 3
205 90 2
205 91 3
205 92 4
205 94 3
205 96 3
205 97 4
205 98 4
205 101 4
205 102 2
205 127 4
205 132 4
205 135 4
205 139 2
205 141 4
205 142 1
205 143 3
205 149 3
205 161 3
205 168 4
205 169 4
205 171 3
205 172 3
205 173 4
205 175 4
205 178 3
205 179 4
205 180 4
205 183 4
205 184 3
205 185 4
205 186 3
205 188 4
205 189 3
205 190 4
205 192 2
205 193 4
205 195 4
205 197 3
205 198 4
205 199 3
205 200 3
205 201 2
205 202 3
205 204 3
205 206 4
205 207 3
205 208 3
205 210 3
205 211 3
205 212 3
205 214 4
205 215 3
205 216 3
205 217 4
205 218 3
205 219 2
205 226 3
205 227 2
205 228 3
205 229 2
205 230 3
205 231 3
205 232 3
205 233 3
205 234 3
205 239 2
205 265 3
205 288 3
205 302 4
205 308 3
205 317 3
205 318 4
205 347 3
205 350 3
205 351 3
205 356 3
205 361 3
205 364 3
205 365 4
205 366 4
205 367 2
205 371 3
205 374 4
205 376 3
205 377 1
205 379 3
205 383 1
205 384 2
205 386 3
205 387 3
205 388 2
205 391 2
205 393 3
205 395 2
205 396 4
205 397 2
205 399 3
205 400 1
205 402 3
205 403 4
205 404 3
205 414 3
205 415 2
205 416 4
205 417 3
205 419 3
205 420 4
205 421 4
205 422 3
205 423 3
205 426 3
205 427 4
205 430 3
205 431 3
205 432 4
205 433 4
205 434 3
205 437 1
205 438 1
205 439 1
205 440 1
205 441 2
205 442 1
205 444 4
205 446 1
205 447 4
205 448 3
205 449 3
205 450 2
205 451 3
205 452 3
205 453 1
205 461 3
205 462 3
205 463 3
205 464 3
205 465 2
205 467 4
205 469 5
205 470 2
205 480 4
205 482 4
205 501 3
205 504 3
205 509 3
205 510 4
205 511 4
205 514 3
205 515 4
205 516 3
205 517 3
205 518 3
205 519 4
205 520 4
205 521 4
205 522 3
205 523 4
205 524 2
205 525 4
205 526 3
205 527 4
205 528 4
205 529 3
205 530 4
205 536 4
205 537 2
205 540 2
205 541 1
205 543 2
205 545 1
205 548 4
205 549 3
205 551 1
205 552 3
205 553 3
205 554 2
205 555 3
205 556 2
205 557 3
205 558 3
205 559 3
205 560 2
205 561 3
205 562 4
205 563 1
205 564 3
205 565 3
205 566 3
205 567 1
205 568 4
205 569 3
205 570 3
205 573 4
205 574 4
205 575 2
205 577 3
205 578 2
205 579 3
205 580 2
205 581 4
205 583 3
205 584 3
205 585 3
205 586 3
205 588 3
205 592 4
205 593 4
205 606 3
205 622 3
205 623 2
205 624 3
205 625 3
205 626 4
205 627 3
205 639 4
205 642 3
205 643 3
205 644 4
205 645 3
205 647 3
205 648 4
205 649 3
205 650 3
205 651 4
205 652 3
205 653 3
205 654 4
205 655 4
205 656 3
205 659 3
205 661 4
205 662 3
205 664 3
205 666 3
205 667 4
205 669 1
205 670 4
205 671 3
205 673 3
205 674 3
205 675 4
205 679 3
205 684 3
205 692 3
205 694 4
205 695 4
205 697 4
205 699 3
205 700 3
205 702 4
205 707 3
205 708 3
205 710 3
205 712 3
205 714 3
205 715 4
205 716 4
205 719 4
205 720 3
205 721 2
205 722 3
205 723 4
205 726 3
205 727 3
205 728 3
205 729 3
205 731 4
205 732 3
205 734 3
205 736 4
205 739 3
205 745 4
205 746 4
205 747 3
205 753 3
205 755 3
205 759 2
205 761 3
205 765 4
205 768 3
205 769 2
205 770 3
205 771 1
205 772 3
205 773 3
205 774 2
205 775 2
205 776 2
205 777 2
205 778 3
205 779 3
205 780 3
205 782 5
205 783 3
205 784 1
205 785 3
205 786 3
205 787 2
205 788 1
205 789 4
205 790 3
205 791 3
205 793 4
205 794 3
205 795 2
205 796 3
205 798 2
205 802 2
205 807 1
205 808 3
205 810 3
205 812 3
205 816 3
205 842 4
205 843 3
205 849 2
205 851 5
205 853 5
205 854 4
205 855 4
205 858 1
205 859 2
205 860 2
205 861 3
205 904 2
205 921 4
205 939 4
205 941 3
205 943 3
205 944 3
205 946 3
205 947 4
205 949 3
205 951 2
205 953 2
205 955 3
205 956 4
205 957 2
205 959 3
205 960 3
205 964 3
205 969 5
205 971 3
205 994 2
205 996 2
205 997 2
205 999 4
206 1 4
206 3 3
206 4 4
206 5 3
206 7 4
206 8 4
206 10 4
206 11 4
206 12 4
206 13 4
206 14 4
206 15 4
206 20 3
206 22 4
206 24 3
206 25 4
206 28 4
206 32 4
206 39 3
206 40 3
206 42 4
206 47 4
206 48 4
206 50 4
206 52 4
206 53 3
206 58 4
206 63 3
206 64 5
206 69 4
206 71 4
206 72 3
206 79 4
206 85 3
206 86 4
206 87 4
206 89 4
206 92 4
206 93 4
206 96 4
206 99 4
206 115 4
206 117 4
206 121 3
206 123 3
206 125 4
206 127 4
206 129 4
206 131 4
206 132 4
206 133 4
206 134 4
206 135 4
206 136 4
206 143 4
206 148 3
206 151 4
206 152 3
206 153 4
206 156 4
206 158 3
206 164 4
206 168 4
206 170 4
206 172 4
206 173 4
206 174 4
206 175 4
206 179 4
206 181 4
206 182 4
206 183 4
206 186 4
206 187 4
206 188 4
206 190 4
206 191 4
206 194 4
206 195 4
206 196 4
206 198 4
206 199 4
206 202 4
206 203 4
206 204 4
206 206 4
206 209 4
206 211 4
206 212 3
206 213 4
206 215 4
206 218 4
206 219 3
206 220 3
206 222 4
206 228 4
206 234 4
206 235 3
206 237 4
206 238 4
206 239 4
206 240 3
206 274 4
206 275 4
206 276 4
206 277 3
206 284 3
206 289 3
206 317 4
206 318 4
206 357 4
206 368 2
206 381 4
206 396 3
206 404 4
206 405 3
206 410 3
206 411 3
206 414 4
206 418 4
206 419 4
206 420 4
206 421 4
206 427 4
206 428 4
206 429 4
206 430 4
206 431 3
206 434 4
206 435 4
206 436 4
206 443 4
206 447 4
206 451 4
206 452 3
206 453 2
206 461 4
206 463 4
206 468 4
206 469 4
206 474 4
206 476 3
206 478 4
206 479 4
206 481 4
206 482 4
206 485 4
206 487 4
206 490 4
206 496 4
206 498 4
206 499 4
206 501 4
206 503 4
206 504 4
206 505 4
206 508 4
206 509 4
206 511 4
206 514 4
206 515 4
206 517 4
206 519 4
206 520 4
206 523 4
206 524 4
206 526 4
206 527 4
206 528 4
206 529 4
206 543 3
206 559 3
206 561 2
206 573 3
206 575 3
206 582 4
206 588 4
206 589 4
206 591 4
206 596 3
206 605 3
206 606 4
206 607 3
206 608 4
206 610 4
206 611 4
206 612 4
206 624 3
206 632 4
206 633 4
206 634 4
206 638 4
206 639 4
206 640 3
206 641 5
206 642 4
206 645 4
206 647 4
206 651 4
206 652 4
206 655 4
206 662 4
206 663 4
206 664 4
206 665 3
206 672 3
206 675 4
206 692 4
206 693 3
206 699 4
206 701 4
206 705 4
206 712 3
206 713 4
206 715 3
206 727 4
206 732 4
206 735 4
206 737 3
206 745 4
206 746 4
206 747 4
206 756 3
206 769 2
206 772 3
206 787 2
206 813 4
206 823 3
206 825 3
206 826 2
206 831 2
206 845 4
206 919 4
206 923 5
206 942 4
206 945 4
206 960 3
206 962 2
207 1 4
207 2 4
207 8 4
207 25 3
207 28 4
207 29 3
207 40 3
207 45 3
207 50 4
207 56 4
207 62 4
207 68 3
207 69 4
207 70 4
207 72 3
207 82 3
207 88 4
207 89 4
207 91 3
207 96 4
207 97 4
207 98 4
207 99 4
207 100 4
207 118 3
207 123 4
207 127 4
207 132 4
207 135 4
207 143 4
207 144 4
207 147 4
207 157 4
207 158 4
207 159 3
207 161 4
207 163 4
207 172 4
207 173 4
207 174 4
207 177 4
207 179 4
207 180 4
207 181 3
207 182 4
207 183 4
207 185 4
207 186 4
207 188 4
207 193 4
207 196 4
207 197 4
207 200 4
207 201 4
207 202 4
207 203 4
207 205 4
207 208 4
207 209 4
207 211 4
207 214 4
207 215 4
207 216 4
207 217 4
207 218 3
207 222 4
207 223 4
207 226 3
207 227 4
207 228 4
207 229 4
207 230 4
207 231 3
207 232 4
207 235 4
207 238 4
207 239 4
207 244 3
207 248 4
207 249 4
207 250 5
207 255 3
207 257 3
207 258 4
207 265 4
207 269 5
207 274 4
207 286 4
207 289 4
207 290 4
207 291 3
207 313 3
207 315 3
207 316 5
207 345 3
207 357 4
207 371 4
207 382 4
207 385 4
207 393 4
207 399 4
207 400 1
207 403 4
207 405 3
207 416 4
207 418 4
207 423 4
207 427 4
207 428 4
207 432 4
207 433 4
207 436 4
207 447 4
207 448 4
207 449 4
207 455 3
207 466 4
207 476 3
207 478 5
207 479 4
207 483 4
207 484 5
207 493 5
207 496 4
207 502 4
207 508 4
207 510 4
207 514 4
207 521 3
207 525 5
207 559 3
207 561 3
207 565 2
207 603 4
207 616 4
207 629 4
207 635 3
207 642 4
207 648 4
207 655 4
207 656 4
207 657 4
207 660 4
207 675 4
207 684 4
207 705 4
207 710 4
207 712 5
207 715 4
207 729 3
207 732 4
207 746 3
207 755 3
207 756 4
207 785 4
207 844 3
207 859 2
207 869 3
207 879 3
207 949 4
207 969 4
207 972 4
207 993 5
208 258 4
208 270 3
208 271 4
208 286 5
208 288 4
208 294 4
208 300 4
208 312 3
208 313 4
208 319 4
208 324 4
208 358 3
208 539 2
208 683 5
208 689 4
209 6 4
209 8 4
209 9 4
209 14 4
209 22 4
209 23 3
209 28 4
209 30 4
209 48 4
209 50 4
209 58 4
209 59 4
209 60 5
209 65 4
209 87 4
209 89 4
209 97 4
209 98 4
209 99 3
209 100 3
209 133 4
209 135 4
209 154 5
209 156 4
209 162 4
209 166 5
209 170 4
209 172 4
209 173 3
209 175 4
209 179 4
209 181 4
209 186 4
209 187 4
209 191 4
209 192 2
209 195 4
209 197 3
209 199 4
209 200 4
209 201 3
209 202 4
209 203 4
209 204 4
209 205 5
209 207 3
209 209 5
209 210 4
209 213 4
209 214 5
209 216 4
209 223 4
209 264 3
209 266 5
209 270 3
209 275 4
209 276 4
209 283 4
209 285 4
209 286 4
209 288 4
209 300 5
209 303 4
209 318 4
209 321 4
209 322 4
209 325 3
209 327 5
209 339 5
209 343 5
209 357 4
209 367 3
209 381 4
209 382 4
209 404 4
209 427 4
209 428 4
209 429 5
209 430 5
209 433 4
209 435 4
209 461 4
209 474 4
209 478 4
209 479 4
209 480 4
209 481 4
209 482 4
209 483 3
209 484 4
209 485 4
209 486 5
209 489 4
209 491 4
209 493 4
209 496 4
209 497 5
209 498 4
209 504 4
209 505 3
209 514 4
209 516 5
209 518 5
209 520 3
209 523 4
209 526 4
209 527 4
209 528 4
209 530 4
209 604 4
209 606 4
209 607 4
209 608 5
209 609 3
209 615 5
209 618 4
209 631 4
209 633 4
209 647 4
209 654 4
209 659 4
209 661 4
209 664 5
209 676 5
209 680 5
209 684 4
209 708 4
209 709 3
209 714 4
209 733 5
209 749 3
209 855 4
209 877 5
209 879 5
209 937 4
209 945 3
209 965 4
209 995 4
210 286 3
210 289 3
210 300 3
210 312 3
210 313 3
210 315 3
210 316 3
210 328 3
210 340 4
210 347 4
210 354 3
210 538 4
210 690 4
210 748 3
210 754 4
210 873 3
210 882 3
210 886 3
210 905 4
211 1 4
211 4 4
211 9 4
211 22 5
211 28 4
211 50 4
211 56 4
211 58 4
211 73 4
211 88 5
211 117 4
211 161 4
211 168 4
211 172 4
211 181 4
211 182 4
211 186 4
211 195 5
211 196 4
211 208 4
211 209 4
211 210 4
211 222 4
211 227 4
211 228 4
211 229 4
211 230 4
211 265 4
211 304 4
211 405 4
211 435 4
211 449 4
211 451 4
211 485 4
211 566 4
211 568 4
211 651 4
211 655 4
211 709 4
211 720 4
211 732 4
211 770 1
212 4 4
212 7 4
212 23 5
212 24 4
212 28 4
212 56 3
212 64 4
212 81 5
212 92 4
212 96 3
212 114 4
212 117 4
212 135 4
212 150 5
212 154 4
212 172 4
212 173 3
212 175 5
212 182 4
212 186 4
212 193 4
212 202 4
212 206 4
212 211 4
212 218 5
212 318 4
212 340 4
212 357 3
212 408 3
212 436 3
212 480 3
212 487 4
212 526 4
212 634 4
212 651 4
212 684 4
212 724 4
213 7 4
213 9 4
213 14 4
213 50 4
213 124 4
213 147 4
213 181 4
213 222 4
213 236 3
213 245 3
213 250 3
213 255 3
213 257 4
213 258 4
213 260 2
213 270 4
213 275 4
213 286 4
213 297 4
213 300 4
213 301 3
213 302 4
213 303 4
213 306 4
213 326 3
213 328 3
213 332 3
213 471 4
213 508 4
213 628 4
213 690 3
213 877 2
214 258 5
214 260 4
214 264 5
214 294 4
214 300 5
214 301 4
214 310 4
214 325 4
214 343 4
214 346 5
214 678 4
214 748 4
215 56 5
215 154 5
215 195 4
215 243 4
215 269 3
215 322 3
215 323 4
215 328 4
215 479 4
215 480 4
215 531 4
215 748 4
216 1 5
216 2 4
216 7 4
216 8 3
216 9 4
216 10 4
216 11 4
216 12 4
216 13 3
216 14 3
216 21 4
216 22 4
216 24 4
216 25 4
216 27 3
216 28 4
216 29 4
216 31 3
216 32 4
216 36 2
216 38 3
216 41 3
216 42 4
216 43 2
216 44 4
216 49 4
216 50 3
216 51 2
216 53 5
216 54 3
216 56 4
216 58 4
216 64 4
216 65 4
216 66 4
216 67 5
216 69 4
216 70 4
216 71 4
216 73 3
216 77 4
216 81 3
216 82 4
216 83 4
216 85 3
216 86 4
216 87 4
216 88 5
216 90 3
216 92 3
216 93 4
216 94 5
216 97 4
216 98 4
216 105 3
216 106 4
216 107 4
216 117 4
216 121 4
216 123 5
216 125 4
216 126 3
216 127 3
216 132 3
216 133 4
216 134 3
216 136 4
216 137 3
216 140 5
216 142 5
216 143 4
216 144 5
216 148 5
216 154 4
216 155 5
216 156 4
216 157 4
216 158 3
216 159 4
216 168 3
216 172 4
216 174 3
216 176 3
216 178 4
216 181 3
216 182 3
216 183 3
216 185 3
216 187 3
216 191 4
216 194 4
216 195 4
216 196 4
216 197 4
216 199 3
216 200 4
216 202 3
216 203 4
216 204 4
216 209 3
216 210 4
216 211 3
216 213 3
216 215 4
216 216 5
216 217 2
216 219 1
216 220 3
216 225 4
216 226 2
216 230 4
216 234 4
216 237 4
216 238 3
216 239 5
216 240 5
216 241 5
216 242 4
216 245 4
216 246 4
216 249 4
216 250 3
216 251 4
216 252 5
216 253 4
216 254 2
216 257 3
216 258 4
216 259 4
216 264 4
216 266 3
216 268 3
216 272 4
216 274 5
216 275 4
216 276 3
216 277 4
216 281 4
216 283 3
216 284 4
216 285 3
216 286 4
216 287 4
216 288 5
216 289 3
216 294 5
216 295 4
216 297 4
216 298 3
216 301 4
216 304 3
216 307 4
216 312 4
216 313 4
216 315 4
216 316 4
216 317 3
216 318 3
216 319 5
216 322 3
216 323 4
216 326 5
216 327 5
216 328 4
216 329 3
216 331 3
216 332 4
216 333 5
216 338 4
216 339 3
216 346 4
216 347 4
216 348 3
216 354 4
216 356 2
216 357 3
216 364 2
216 366 3
216 367 4
216 369 5
216 375 2
216 378 5
216 385 5
216 388 2
216 393 4
216 395 3
216 396 3
216 399 3
216 401 4
216 402 4
216 403 3
216 404 5
216 405 4
216 411 4
216 412 4
216 416 5
216 417 4
216 418 5
216 419 5
216 423 4
216 425 5
216 427 4
216 431 4
216 432 2
216 433 3
216 443 3
216 448 5
216 451 3
216 452 5
216 462 3
216 463 3
216 468 4
216 469 4
216 471 4
216 472 5
216 473 4
216 475 3
216 476 5
216 479 4
216 480 3
216 496 4
216 498 4
216 500 3
216 501 5
216 506 3
216 509 4
216 515 3
216 526 2
216 531 4
216 532 4
216 538 3
216 546 4
216 549 4
216 553 4
216 554 5
216 559 3
216 560 3
216 564 5
216 568 4
216 576 3
216 578 4
216 585 4
216 588 5
216 591 3
216 592 4
216 607 3
216 614 3
216 619 3
216 625 4
216 627 2
216 628 3
216 633 5
216 651 3
216 652 3
216 657 4
216 658 4
216 660 3
216 662 5
216 676 4
216 678 4
216 682 5
216 684 4
216 685 4
216 686 4
216 689 4
216 690 3
216 692 4
216 693 3
216 696 3
216 699 4
216 707 5
216 708 4
216 710 4
216 712 3
216 713 3
216 717 3
216 720 5
216 721 3
216 723 4
216 724 3
216 729 3
216 734 3
216 735 4
216 737 3
216 738 3
216 739 4
216 746 3
216 747 4
216 748 5
216 750 2
216 754 4
216 755 3
216 761 3
216 762 4
216 763 5
216 768 3
216 770 3
216 775 3
216 778 5
216 781 4
216 783 3
216 785 3
216 790 4
216 792 2
216 794 3
216 795 2
216 803 3
216 807 1
216 812 3
216 815 4
216 819 2
216 821 2
216 824 3
216 833 3
216 834 1
216 840 5
216 842 3
216 843 3
216 845 4
216 849 2
216 864 3
216 865 5
216 866 4
216 873 1
216 874 3
216 879 4
216 895 5
216 915 5
216 916 5
216 917 4
216 918 4
216 928 4
216 929 3
216 930 2
216 931 3
216 934 4
216 936 4
216 937 4
216 938 2
216 941 3
216 955 4
216 959 3
216 966 4
216 972 4
216 975 4
216 980 3
216 985 3
216 990 3
216 997 2
217 1 3
217 3 3
217 5 3
217 7 4
217 11 4
217 12 4
217 13 4
217 15 4
217 16 5
217 17 3
217 20 4
217 23 4
217 24 3
217 27 3
217 29 2
217 32 4
217 39 4
217 42 4
217 44 4
217 47 3
217 50 4
217 51 3
217 55 4
217 56 4
217 58 3
217 62 3
217 63 3
217 64 5
217 65 3
217 67 2
217 68 3
217 69 4
217 70 3
217 72 3
217 73 3
217 77 3
217 78 2
217 79 4
217 80 3
217 81 4
217 82 4
217 83 4
217 89 4
217 91 3
217 95 4
217 96 4
217 97 3
217 98 4
217 99 4
217 100 4
217 101 4
217 106 3
217 109 3
217 118 3
217 120 2
217 123 3
217 125 3
217 127 4
217 131 3
217 132 4
217 135 4
217 139 3
217 142 1
217 144 3
217 145 2
217 147 4
217 154 4
217 157 4
217 159 3
217 162 3
217 164 4
217 167 2
217 169 4
217 171 5
217 172 4
217 173 4
217 174 4
217 176 4
217 178 4
217 179 4
217 181 4
217 183 4
217 184 3
217 186 4
217 190 4
217 195 4
217 196 4
217 198 4
217 200 4
217 201 3
217 202 4
217 206 4
217 207 4
217 208 4
217 211 4
217 214 4
217 216 4
217 217 3
217 218 3
217 219 3
217 222 4
217 223 4
217 226 3
217 228 4
217 232 3
217 234 4
217 235 3
217 242 5
217 245 3
217 246 4
217 248 4
217 250 4
217 255 4
217 257 4
217 258 4
217 260 3
217 264 2
217 265 4
217 270 4
217 273 4
217 286 3
217 288 3
217 290 3
217 293 4
217 294 3
217 298 3
217 323 3
217 324 3
217 325 4
217 326 4
217 340 3
217 357 4
217 358 4
217 364 1
217 367 4
217 373 2
217 380 4
217 382 4
217 384 2
217 385 3
217 386 3
217 388 2
217 391 3
217 392 3
217 393 4
217 395 2
217 396 3
217 399 3
217 402 3
217 403 4
217 404 3
217 413 2
217 419 3
217 420 3
217 422 4
217 423 4
217 425 4
217 428 5
217 431 4
217 433 3
217 436 4
217 441 2
217 444 2
217 447 4
217 449 3
217 451 4
217 452 3
217 461 5
217 465 3
217 472 3
217 474 3
217 475 5
217 483 4
217 484 4
217 485 3
217 498 4
217 501 3
217 508 4
217 513 4
217 518 4
217 541 3
217 544 2
217 545 2
217 546 3
217 550 3
217 551 2
217 552 5
217 555 4
217 559 3
217 561 3
217 562 3
217 563 3
217 574 2
217 578 3
217 579 4
217 582 4
217 588 3
217 596 3
217 597 3
217 614 3
217 616 3
217 625 3
217 628 4
217 631 3
217 636 4
217 638 4
217 640 4
217 642 4
217 655 3
217 658 3
217 665 2
217 668 2
217 669 2
217 674 3
217 679 4
217 684 4
217 685 3
217 692 3
217 708 3
217 709 4
217 710 3
217 715 3
217 723 2
217 725 3
217 727 3
217 728 2
217 732 3
217 742 3
217 746 4
217 747 3
217 748 2
217 758 1
217 762 3
217 764 3
217 765 3
217 767 2
217 769 2
217 774 1
217 778 4
217 781 3
217 783 3
217 792 3
217 796 3
217 797 2
217 800 2
217 804 2
217 809 3
217 810 3
217 815 3
217 825 3
217 827 2
217 831 2
217 849 2
217 855 3
217 871 2
217 895 3
217 923 4
217 928 3
217 940 2
217 943 3
217 944 1
217 946 3
217 963 4
217 979 4
217 999 4
217 1000 3
218 269 3
218 302 3
218 304 4
218 315 4
218 328 3
218 331 3
218 333 4
218 344 2
218 346 3
218 362 3
218 750 2
218 895 3
218 899 3
219 14 5
219 79 5
219 89 5
219 100 5
219 134 5
219 173 5
219 181 5
219 223 5
219 257 5
219 275 5
219 286 5
219 306 5
219 405 4
219 478 5
219 488 5
219 514 5
220 19 4
220 86 4
220 100 5
220 116 3
220 137 5
220 251 5
220 275 5
220 301 4
220 302 4
220 319 5
220 331 5
220 408 4
220 478 5
220 484 4
220 508 4
220 513 5
220 603 4
220 750 5
220 753 4
221 4 5
221 7 4
221 11 4
221 12 5
221 50 5
221 56 4
221 82 5
221 87 5
221 96 5
221 100 5
221 117 4
221 124 5
221 127 5
221 129 4
221 144 5
221 156 4
221 164 4
221 174 5
221 175 5
221 176 5
221 182 5
221 183 5
221 185 4
221 187 5
221 194 5
221 200 4
221 213 4
221 218 4
221 234 4
221 238 5
221 302 5
221 333 4
221 443 4
221 448 3
221 466 5
221 516 5
221 517 5
221 603 5
221 653 4
221 657 4
221 672 3
221 709 4
221 879 4
221 914 3
221 915 5
222 1 3
222 5 4
222 15 3
222 50 4
222 53 4
222 93 4
222 98 4
222 100 4
222 109 4
222 117 4
222 124 4
222 126 3
222 127 3
222 129 3
222 137 3
222 151 3
222 181 4
222 184 3
222 200 4
222 201 3
222 217 3
222 219 5
222 222 4
222 235 4
222 250 4
222 257 3
222 258 4
222 260 3
222 270 3
222 275 3
222 276 4
222 286 3
222 287 4
222 288 2
222 293 3
222 294 3
222 299 4
222 307 4
222 324 4
222 325 4
222 326 4
222 327 4
222 334 3
222 358 4
222 370 1
222 379 3
222 396 3
222 410 4
222 436 4
222 447 4
222 448 4
222 452 2
222 458 3
222 475 5
222 477 3
222 515 4
222 551 2
222 558 2
222 559 3
222 561 3
222 590 1
222 665 3
222 670 3
222 671 4
222 672 3
222 682 2
222 919 4
222 922 4
222 926 4
223 15 3
223 127 4
223 148 3
223 237 3
223 245 3
223 258 3
223 269 4
223 272 4
223 276 4
223 282 3
223 286 4
223 299 3
223 300 3
223 302 4
223 304 3
223 307 3
223 310 3
223 313 3
223 315 4
223 322 4
223 323 4
223 326 3
223 327 3
223 328 3
223 329 3
223 333 3
223 340 3
223 344 4
223 347 4
223 348 3
223 355 3
223 471 3
223 546 3
223 591 3
223 628 4
223 678 4
223 689 3
223 690 3
223 696 3
223 744 3
223 748 3
223 751 3
223 754 4
223 823 3
223 879 3
223 898 2
224 1 4
224 9 5
224 15 5
224 25 4
224 50 5
224 115 4
224 127 5
224 151 5
224 172 5
224 243 3
224 261 3
224 275 5
224 288 4
224 294 3
224 310 4
224 323 3
224 333 4
224 427 4
224 435 4
224 508 4
224 538 3
224 689 4
224 740 3
224 882 3
224 989 4
225 1 4
225 2 3
225 7 4
225 17 3
225 22 4
225 24 3
225 32 4
225 39 4
225 53 3
225 55 4
225 56 4
225 62 3
225 68 3
225 79 4
225 82 3
225 83 4
225 98 4
225 100 4
225 117 3
225 118 3
225 121 3
225 124 4
225 127 5
225 144 4
225 145 2
225 147 3
225 156 4
225 171 4
225 172 4
225 174 4
225 176 4
225 177 4
225 178 4
225 180 4
225 183 4
225 185 4
225 187 4
225 188 4
225 191 4
225 195 4
225 198 4
225 200 3
225 201 3
225 204 3
225 207 4
225 209 4
225 210 3
225 218 3
225 219 3
225 222 4
225 227 3
225 229 3
225 230 3
225 231 3
225 232 3
225 234 4
225 241 3
225 244 4
225 252 3
225 257 4
225 259 2
225 271 2
225 272 4
225 273 4
225 281 3
225 286 3
225 288 3
225 289 2
225 298 2
225 302 4
225 305 4
225 307 4
225 310 4
225 313 4
225 316 5
225 318 4
225 322 3
225 323 3
225 324 4
225 325 4
225 327 4
225 333 3
225 338 2
225 340 3
225 343 3
225 346 4
225 355 3
225 357 4
225 358 3
225 362 3
225 363 4
225 379 3
225 385 3
225 398 3
225 424 2
225 429 4
225 445 4
225 447 4
225 448 3
225 452 3
225 474 4
225 475 4
225 491 3
225 515 4
225 520 5
225 522 4
225 529 4
225 538 2
225 550 3
225 562 3
225 566 3
225 573 3
225 576 3
225 583 3
225 590 2
225 597 3
225 636 3
225 669 2
225 670 3
225 675 5
225 678 3
225 679 4
225 686 5
225 689 3
225 690 3
225 748 3
225 750 4
225 751 4
225 759 3
225 823 3
225 825 4
225 831 2
225 841 2
225 853 5
225 877 2
225 879 4
225 895 2
225 912 2
225 943 3
225 976 2
226 23 3
226 50 3
226 98 3
226 99 3
226 132 4
226 133 3
226 134 3
226 135 3
226 168 3
226 174 3
226 178 4
226 182 4
226 185 3
226 191 3
226 194 3
226 196 3
226 197 3
226 199 3
226 200 3
226 208 3
226 211 3
226 318 3
226 332 3
226 418 4
226 428 2
226 429 3
226 430 5
226 435 3
226 474 3
226 478 3
226 480 4
226 483 3
226 486 3
226 488 4
226 490 4
226 491 3
226 492 4
226 493 4
226 494 4
226 504 3
226 505 3
226 510 3
226 511 3
226 524 3
226 525 4
226 526 3
226 601 3
226 603 3
226 605 3
226 606 4
226 608 4
226 610 4
226 613 4
226 614 3
226 616 3
226 631 5
226 633 3
226 646 2
226 648 3
226 651 3
226 653 4
226 654 4
226 655 4
226 657 3
226 673 4
226 705 3
226 754 4
226 835 4
226 836 4
226 848 5
227 245 4
227 263 2
227 292 5
227 300 4
227 302 3
227 303 3
227 304 4
227 328 4
227 359 2
227 680 5
227 681 5
227 682 5
227 688 5
227 874 2
227 937 4
227 938 2
227 989 5
227 990 3
228 243 2
228 259 3
228 272 4
228 286 4
228 289 3
228 294 4
228 300 4
228 301 4
228 305 4
228 307 3
228 312 4
228 316 5
228 322 3
228 323 3
228 326 4
228 329 3
228 331 4
228 332 3
228 334 4
228 338 3
228 340 4
228 343 3
228 344 4
228 347 4
228 350 4
228 690 3
228 750 5
228 875 3
228 877 2
228 879 4
228 886 5
228 896 5
228 988 2
229 1 4
229 2 2
229 3 3
229 4 4
229 7 3
229 8 4
229 12 3
229 15 3
229 21 4
229 22 4
229 23 3
229 24 3
229 26 4
229 28 3
229 31 4
229 32 3
229 45 4
229 48 4
229 50 3
229 52 2
229 53 3
229 55 3
229 56 3
229 58 3
229 62 3
229 63 3
229 64 3
229 66 3
229 68 3
229 69 4
229 70 2
229 72 3
229 73 3
229 77 3
229 79 4
229 81 3
229 82 3
229 83 2
229 85 4
229 86 2
229 87 3
229 88 3
229 89 3
229 90 2
229 91 3
229 92 4
229 93 3
229 95 3
229 96 3
229 97 4
229 101 3
229 109 3
229 114 2
229 117 4
229 118 3
229 123 2
229 124 4
229 127 4
229 128 4
229 132 3
229 133 3
229 134 4
229 137 3
229 140 4
229 141 4
229 143 4
229 144 3
229 150 4
229 151 2
229 154 3
229 157 3
229 159 3
229 161 3
229 162 3
229 163 2
229 164 3
229 165 4
229 166 3
229 168 3
229 170 2
229 172 3
229 174 4
229 178 2
229 179 3
229 181 3
229 183 3
229 184 4
229 185 3
229 186 3
229 188 4
229 190 4
229 191 3
229 193 3
229 195 3
229 197 3
229 201 3
229 202 3
229 203 3
229 207 4
229 208 4
229 209 3
229 210 3
229 211 3
229 214 4
229 216 3
229 218 4
229 219 2
229 223 4
229 225 4
229 229 2
229 232 2
229 233 2
229 237 3
229 238 4
229 248 3
229 249 3
229 250 3
229 258 3
229 264 3
229 265 3
229 273 3
229 274 3
229 275 3
229 276 4
229 277 3
229 280 4
229 281 2
229 282 4
229 283 4
229 288 3
229 290 5
229 291 4
229 298 4
229 301 4
229 318 3
229 319 3
229 321 3
229 338 3
229 340 3
229 356 3
229 365 3
229 366 4
229 367 3
229 371 3
229 378 3
229 382 3
229 385 4
229 387 3
229 392 4
229 393 4
229 403 4
229 404 4
229 405 3
229 410 3
229 411 3
229 415 2
229 418 4
229 419 4
229 423 3
229 427 2
229 428 3
229 430 3
229 431 3
229 432 3
229 435 4
229 436 4
229 441 2
229 448 4
229 455 3
229 457 2
229 464 3
229 466 3
229 467 4
229 468 3
229 470 4
229 473 3
229 475 4
229 480 3
229 481 4
229 482 3
229 483 3
229 484 3
229 485 3
229 491 4
229 493 2
229 495 4
229 496 4
229 499 3
229 500 4
229 502 4
229 504 3
229 505 2
229 508 4
229 511 3
229 514 2
229 520 4
229 527 3
229 531 4
229 535 4
229 537 2
229 546 3
229 549 3
229 550 4
229 559 3
229 566 4
229 568 3
229 569 3
229 570 2
229 578 2
229 581 4
229 584 4
229 591 4
229 602 3
229 603 3
229 611 2
229 625 2
229 627 3
229 628 3
229 629 4
229 631 3
229 633 3
229 635 2
229 636 2
229 640 3
229 642 3
229 652 2
229 654 4
229 655 3
229 658 2
229 662 3
229 665 2
229 671 4
229 672 2
229 673 3
229 679 4
229 684 3
229 686 4
229 692 4
229 693 4
229 700 3
229 702 4
229 705 3
229 708 3
229 709 2
229 710 3
229 726 3
229 729 3
229 732 3
229 735 2
229 742 4
229 744 4
229 747 4
229 755 3
229 756 3
229 761 4
229 762 3
229 763 3
229 768 3
229 780 2
229 794 3
229 804 2
229 805 4
229 820 1
229 826 3
229 833 3
229 845 3
229 847 2
229 921 3
229 941 4
229 944 3
229 961 3
229 967 3
229 972 3
230 9 4
230 10 4
230 12 5
230 19 2
230 42 4
230 50 4
230 56 4
230 98 4
230 100 4
230 101 3
230 117 3
230 124 4
230 129 4
230 137 5
230 148 2
230 152 5
230 165 4
230 181 4
230 221 3
230 222 3
230 237 3
230 248 4
230 253 5
230 258 4
230 264 3
230 273 3
230 276 4
230 286 4
230 288 4
230 293 4
230 294 4
230 318 4
230 328 3
230 462 4
230 514 4
230 515 3
230 527 4
230 528 4
230 547 3
230 628 2
230 656 4
230 674 3
230 744 4
231 245 3
231 286 3
231 302 4
231 322 3
231 323 4
231 327 3
231 358 3
231 689 3
231 748 3
231 879 3
231 988 5
232 1 3
232 3 3
232 7 3
232 50 3
232 93 3
232 100 4
232 108 3
232 109 2
232 111 3
232 117 3
232 118 3
232 121 3
232 123 3
232 150 4
232 151 2
232 181 4
232 222 3
232 237 3
232 248 4
232 249 3
232 250 4
232 257 4
232 258 3
232 284 3
232 294 3
232 300 2
232 315 5
232 322 3
232 405 3
232 410 2
232 411 2
232 471 3
232 508 3
232 546 3
232 620 3
232 628 3
232 678 2
232 742 3
232 763 1
232 815 3
232 844 1
232 845 3
232 864 4
232 871 2
233 50 5
233 59 4
233 60 4
233 95 4
233 173 4
233 174 5
233 246 4
233 268 4
233 269 3
233 273 4
233 276 4
233 293 4
233 294 4
233 302 4
233 323 3
233 325 4
233 326 4
233 333 4
233 358 3
233 435 4
233 474 4
233 507 4
233 657 5
233 682 3
233 690 3
233 748 3
233 754 5
233 919 5
234 7 4
234 9 4
234 111 4
234 125 4
234 147 4
234 148 4
234 220 5
234 225 4
234 237 4
234 274 4
234 275 4
234 283 4
234 288 4
234 347 5
234 406 5
234 471 4
234 476 4
234 477 4
234 546 4
234 628 4
234 743 5
234 756 5
234 763 4
234 815 4
234 819 5
234 833 3
234 928 4
234 975 3
235 1 3
235 3 3
235 4 4
235 5 4
235 7 3
235 9 3
235 11 3
235 12 3
235 15 4
235 21 2
235 22 2
235 23 4
235 24 3
235 25 4
235 27 4
235 28 3
235 29 4
235 31 4
235 38 5
235 40 3
235 42 4
235 45 2
235 49 3
235 50 3
235 52 2
235 54 4
235 62 4
235 63 4
235 64 3
235 67 4
235 68 4
235 69 4
235 71 4
235 72 3
235 73 4
235 80 4
235 81 4
235 82 4
235 83 3
235 85 3
235 86 3
235 89 3
235 90 5
235 96 3
235 100 3
235 105 2
235 108 3
235 109 4
235 111 4
235 115 4
235 117 2
235 118 4
235 121 2
235 122 5
235 123 3
235 125 4
235 128 3
235 132 3
235 135 4
235 136 2
235 141 3
235 148 3
235 151 4
235 152 4
235 153 3
235 154 4
235 156 3
235 157 3
235 159 3
235 160 4
235 161 4
235 162 4
235 163 4
235 164 3
235 167 3
235 168 4
235 171 3
235 172 3
235 173 3
235 174 2
235 175 3
235 176 3
235 182 3
235 183 3
235 184 3
235 185 4
235 186 4
235 187 4
235 188 4
235 190 3
235 191 3
235 195 3
235 196 4
235 199 4
235 200 4
235 204 3
235 206 4
235 211 3
235 214 4
235 215 4
235 216 3
235 217 5
235 218 3
235 219 5
235 222 3
235 225 3
235 226 3
235 227 4
235 228 4
235 229 4
235 230 3
235 234 4
235 239 3
235 240 3
235 245 4
235 246 2
235 250 4
235 252 5
235 254 2
235 255 3
235 257 4
235 258 3
235 260 5
235 264 4
235 273 5
235 284 4
235 290 3
235 291 4
235 294 5
235 299 3
235 300 3
235 307 3
235 313 4
235 317 5
235 318 3
235 321 3
235 327 3
235 331 3
235 338 3
235 343 3
235 351 3
235 354 3
235 358 3
235 367 4
235 369 2
235 376 4
235 380 3
235 381 3
235 382 4
235 384 5
235 385 3
235 386 4
235 392 4
235 393 4
235 394 2
235 399 3
235 402 3
235 403 3
235 404 3
235 410 3
235 411 4
235 413 4
235 423 3
235 424 1
235 431 3
235 433 3
235 434 4
235 435 3
235 436 3
235 443 3
235 447 3
235 448 5
235 451 4
235 455 4
235 462 4
235 465 4
235 470 5
235 473 5
235 476 4
235 520 3
235 541 4
235 542 4
235 546 4
235 550 3
235 554 4
235 561 2
235 562 3
235 566 3
235 567 5
235 568 3
235 569 3
235 571 5
235 572 5
235 573 3
235 576 3
235 577 2
235 584 4
235 587 4
235 588 3
235 597 4
235 616 4
235 625 5
235 628 5
235 631 3
235 637 4
235 640 5
235 649 4
235 652 4
235 655 3
235 659 3
235 665 3
235 672 5
235 673 5
235 674 5
235 675 3
235 679 3
235 684 4
235 693 3
235 696 3
235 697 4
235 710 3
235 713 3
235 715 5
235 717 3
235 720 4
235 729 4
235 732 4
235 743 2
235 746 3
235 748 4
235 751 3
235 752 3
235 756 3
235 760 2
235 762 4
235 780 5
235 781 4
235 786 3
235 790 5
235 792 2
235 797 4
235 800 3
235 820 4
235 821 2
235 825 3
235 826 2
235 831 2
235 834 4
235 841 2
235 845 4
235 862 4
235 890 2
235 895 3
235 924 3
235 926 2
235 928 4
235 929 3
235 943 3
235 944 4
235 961 4
235 977 2
235 983 2
236 21 4
236 23 5
236 26 5
236 38 4
236 39 4
236 43 5
236 47 3
236 65 4
236 66 4
236 72 4
236 73 4
236 83 4
236 90 4
236 92 4
236 95 4
236 96 3
236 98 4
236 102 3
236 111 4
236 125 4
236 127 4
236 132 4
236 133 4
236 157 4
236 159 5
236 161 4
236 168 4
236 172 4
236 174 4
236 179 5
236 182 4
236 186 4
236 200 4
236 204 4
236 215 4
236 216 4
236 217 4
236 218 4
236 226 3
236 238 4
236 265 5
236 276 5
236 287 4
236 288 4
236 325 3
236 327 5
236 340 4
236 347 4
236 367 4
236 381 5
236 392 3
236 400 1
236 411 3
236 433 3
236 441 2
236 447 4
236 454 2
236 503 5
236 504 4
236 506 5
236 537 5
236 546 4
236 553 4
236 559 3
236 568 4
236 581 4
236 585 4
236 595 4
236 628 4
236 642 4
236 649 3
236 655 4
236 658 4
236 708 4
236 710 3
236 715 4
236 723 4
236 739 4
236 742 4
236 746 5
236 748 3
236 761 5
236 762 4
236 763 3
236 785 4
236 787 2
236 790 4
236 794 4
236 821 3
236 845 4
236 895 4
236 974 2
237 5 4
237 11 5
237 12 5
237 14 5
237 28 5
237 30 5
237 42 4
237 47 4
237 51 4
237 56 5
237 58 5
237 65 4
237 69 4
237 70 4
237 77 4
237 79 5
237 82 5
237 83 5
237 86 5
237 87 5
237 88 5
237 89 5
237 90 4
237 91 4
237 95 4
237 97 4
237 98 5
237 99 5
237 111 4
237 116 5
237 118 4
237 124 5
237 131 4
237 132 5
237 133 5
237 134 5
237 137 5
237 143 4
237 144 5
237 145 3
237 151 5
237 154 5
237 155 4
237 161 4
237 162 4
237 165 5
237 166 5
237 168 5
237 173 5
237 174 5
237 176 5
237 179 4
237 181 5
237 183 5
237 185 5
237 186 5
237 190 5
237 191 5
237 195 5
237 197 5
237 204 5
237 207 4
237 208 5
237 211 5
237 212 5
237 213 4
237 214 3
237 216 5
237 217 3
237 218 4
237 219 3
237 229 4
237 234 5
237 237 4
237 238 5
237 239 5
237 244 2
237 253 5
237 254 2
237 265 4
237 275 5
237 276 4
237 281 3
237 283 4
237 286 4
237 287 5
237 288 5
237 292 4
237 301 5
237 318 5
237 378 4
237 381 4
237 387 4
237 393 4
237 402 4
237 404 4
237 412 4
237 415 2
237 418 4
237 419 4
237 421 5
237 423 5
237 428 5
237 432 4
237 433 5
237 435 5
237 436 5
237 447 5
237 450 2
237 451 4
237 463 5
237 466 5
237 473 4
237 478 5
237 480 5
237 482 4
237 483 5
237 484 5
237 485 4
237 496 5
237 497 5
237 499 4
237 501 4
237 507 4
237 512 5
237 514 4
237 517 4
237 518 5
237 521 4
237 523 5
237 559 3
237 566 4
237 581 4
237 582 4
237 583 5
237 584 4
237 588 4
237 603 5
237 607 4
237 614 5
237 629 4
237 640 5
237 642 5
237 651 5
237 652 5
237 654 5
237 655 5
237 657 4
237 658 5
237 660 5
237 663 4
237 665 4
237 672 5
237 674 3
237 683 3
237 684 4
237 692 4
237 696 5
237 697 4
237 698 3
237 699 5
237 702 5
237 705 5
237 708 5
237 709 5
237 710 4
237 727 5
237 730 3
237 732 4
237 736 5
237 737 4
237 739 4
237 746 4
237 747 4
237 748 4
237 753 4
237 755 4
237 770 4
237 778 5
237 781 4
237 794 4
237 812 3
237 842 4
237 843 3
237 946 5
237 955 5
237 969 4
238 1 4
238 9 4
238 21 3
238 50 3
238 100 3
238 118 4
238 121 3
238 181 4
238 220 5
238 237 4
238 245 4
238 269 4
238 280 3
238 321 3
238 471 4
238 476 5
238 815 3
238 845 4
239 7 4
239 13 4
239 93 4
239 100 4
239 121 4
239 125 4
239 147 4
239 237 4
239 240 2
239 242 5
239 257 4
239 273 4
239 276 4
239 282 4
239 285 4
239 288 4
239 293 4
239 300 4
239 301 3
239 405 3
239 475 4
240 70 4
240 86 4
240 198 3
240 242 4
240 243 2
240 271 3
240 272 4
240 283 3
240 300 4
240 310 4
240 312 4
240 319 4
240 323 4
240 328 4
240 329 3
240 340 4
240 350 3
240 512 4
240 515 4
240 582 4
240 690 4
240 750 5
240 886 3
240 904 5
240 921 5
240 937 3
240 971 4
240 988 2
241 1 4
241 9 4
241 15 4
241 25 4
241 121 3
241 288 4
241 313 4
241 342 1
241 405 4
241 751 3
242 7 2
242 11 3
242 12 4
242 17 2
242 22 2
242 26 4
242 27 3
242 31 3
242 33 2
242 38 3
242 39 2
242 41 3
242 42 3
242 44 3
242 53 2
242 54 2
242 55 2
242 56 3
242 62 3
242 64 3
242 68 3
242 79 3
242 82 3
242 100 3
242 117 3
242 129 3
242 144 3
242 150 4
242 154 3
242 156 3
242 159 3
242 161 2
242 168 2
242 174 3
242 176 3
242 177 3
242 182 3
242 184 2
242 186 3
242 195 3
242 203 3
242 204 3
242 209 3
242 210 3
242 217 1
242 219 3
242 226 2
242 228 3
242 229 3
242 230 3
242 231 3
242 234 3
242 240 2
242 273 2
242 276 3
242 281 3
242 286 2
242 288 2
242 294 3
242 318 2
242 342 3
242 350 2
242 367 3
242 385 4
242 401 1
242 403 3
242 410 2
242 436 3
242 449 2
242 452 1
242 482 3
242 508 3
242 546 2
242 550 2
242 554 2
242 559 1
242 569 3
242 572 3
242 578 3
242 591 3
242 628 2
242 635 3
242 636 2
242 665 4
242 672 2
242 684 3
242 685 2
242 695 3
242 710 4
242 746 2
242 769 2
242 780 2
242 800 2
242 810 2
242 834 1
242 873 2
242 943 3
242 975 3
242 979 3
242 988 2
243 258 5
243 271 3
243 286 4
243 309 2
243 313 5
243 323 4
243 340 4
243 358 5
243 678 4
243 687 2
244 9 5
244 50 4
244 100 4
244 245 5
244 258 4
244 271 4
244 300 3
244 313 4
244 515 4
244 678 5
244 748 4
244 916 3
245 7 2
245 9 2
245 12 2
245 28 2
245 50 2
245 55 2
245 64 3
245 79 2
245 87 2
245 117 2
245 118 2
245 121 2
245 123 3
245 127 2
245 144 2
245 147 2
245 150 3
245 174 2
245 181 2
245 195 2
245 203 2
245 204 2
245 208 1
245 209 2
245 221 3
245 235 2
245 245 3
245 246 4
245 248 3
245 268 2
245 273 2
245 276 2
245 291 2
245 295 2
245 302 2
245 310 2
245 313 2
245 324 4
245 325 3
245 330 5
245 333 2
245 340 1
245 346 3
245 405 2
245 408 4
245 460 2
245 475 2
245 479 2
245 480 3
245 504 2
245 544 2
245 591 2
245 595 4
245 597 3
245 603 2
245 628 3
245 644 1
245 689 3
245 742 2
245 744 2
245 748 3
245 752 2
245 762 2
245 763 3
245 818 2
245 823 2
245 829 2
245 831 2
245 840 3
245 844 3
245 845 3
245 871 1
245 881 2
245 886 3
245 895 3
245 908 2
245 919 3
245 959 2
245 979 4
246 268 3
246 269 3
246 270 1
246 286 3
246 288 3
246 292 2
246 294 2
246 302 3
246 303 2
246 306 2
246 311 3
246 326 2
246 328 3
246 332 2
246 688 3
246 748 2
246 754 4
246 880 3
246 883 3
246 887 3
246 888 3
247 1 4
247 5 4
247 7 4
247 9 4
247 17 5
247 27 4
247 28 4
247 31 4
247 55 4
247 56 4
247 65 5
247 68 4
247 69 5
247 70 4
247 85 4
247 89 4
247 96 5
247 98 4
247 100 4
247 111 4
247 117 5
247 123 4
247 135 4
247 144 5
247 147 4
247 148 4
247 150 4
247 151 4
247 153 4
247 156 4
247 157 4
247 158 3
247 174 4
247 176 4
247 180 4
247 183 4
247 204 5
247 206 5
247 209 4
247 218 5
247 222 5
247 227 5
247 231 5
247 233 3
247 234 4
247 248 5
247 252 3
247 258 4
247 260 5
247 281 5
247 284 5
247 286 4
247 288 4
247 290 5
247 293 5
247 298 4
247 300 5
247 367 4
247 405 4
247 410 4
247 435 4
247 447 4
247 470 5
247 483 4
247 484 4
247 498 4
247 544 5
247 546 4
247 559 4
247 582 5
247 591 5
247 597 5
247 629 4
247 642 4
247 678 4
247 742 4
247 748 5
247 760 2
247 815 5
247 823 5
247 845 4
247 866 4
247 879 4
247 926 5
247 963 5
247 981 2
248 262 4
248 268 3
248 269 4
248 271 4
248 292 3
248 301 4
248 303 4
248 304 3
248 305 4
248 307 4
248 316 3
248 321 4
248 327 4
248 333 4
248 338 5
248 344 5
248 345 4
248 360 3
248 750 4
248 884 3
248 887 4
248 902 5
249 9 4
249 15 4
249 59 3
249 60 4
249 61 3
249 100 3
249 105 2
249 117 3
249 118 3
249 122 2
249 127 4
249 137 4
249 170 4
249 171 4
249 179 4
249 212 3
249 244 3
249 248 3
249 251 4
249 273 3
249 276 4
249 282 3
249 285 4
249 286 4
249 288 3
249 293 3
249 310 3
249 337 2
249 381 4
249 410 2
249 459 3
249 546 2
249 558 4
249 702 2
249 742 3
249 753 3
249 763 2
249 936 4
249 971 4
249 983 2
250 1 4
250 2 3
250 3 3
250 4 4
250 7 4
250 10 4
250 12 4
250 13 4
250 15 4
250 26 4
250 28 4
250 29 3
250 35 1
250 38 3
250 39 3
250 49 3
250 51 3
250 54 3
250 56 4
250 58 4
250 60 4
250 64 5
250 65 4
250 66 4
250 67 3
250 70 4
250 71 4
250 73 3
250 77 3
250 79 4
250 80 3
250 81 4
250 82 4
250 83 4
250 86 4
250 87 4
250 88 4
250 89 4
250 92 4
250 94 3
250 95 4
250 97 4
250 98 4
250 99 4
250 100 4
250 101 3
250 110 2
250 112 2
250 114 5
250 117 4
250 121 3
250 123 3
250 125 4
250 126 4
250 127 4
250 131 4
250 132 4
250 133 4
250 134 4
250 135 4
250 136 4
250 139 3
250 141 4
250 142 3
250 143 4
250 144 4
250 145 2
250 152 3
250 153 4
250 154 4
250 155 3
250 157 4
250 158 3
250 161 4
250 162 4
250 163 3
250 164 4
250 166 4
250 167 3
250 168 4
250 169 4
250 173 4
250 174 4
250 176 4
250 177 4
250 179 4
250 180 4
250 182 4
250 183 4
250 185 4
250 187 4
250 191 4
250 192 4
250 193 4
250 194 4
250 195 4
250 196 4
250 197 4
250 199 4
250 200 4
250 202 4
250 203 4
250 204 4
250 205 4
250 207 4
250 208 4
250 210 4
250 211 4
250 215 4
250 216 4
250 218 4
250 222 4
250 223 4
250 225 3
250 226 3
250 227 3
250 229 3
250 231 3
250 233 3
250 237 4
250 238 4
250 239 4
250 241 3
250 245 3
250 252 3
250 254 2
250 258 4
250 264 3
250 265 4
250 269 4
250 270 4
250 272 4
250 274 4
250 275 4
250 277 3
250 278 3
250 280 3
250 281 3
250 282 4
250 283 4
250 287 4
250 288 3
250 290 3
250 292 4
250 294 3
250 299 3
250 300 4
250 301 3
250 302 4
250 304 4
250 305 4
250 310 4
250 311 4
250 312 3
250 313 4
250 315 4
250 316 5
250 328 3
250 332 3
250 340 4
250 354 3
250 357 4
250 367 3
250 371 3
250 373 3
250 378 4
250 380 4
250 381 4
250 382 4
250 383 2
250 384 3
250 385 4
250 387 4
250 393 4
250 395 2
250 396 3
250 400 1
250 401 3
250 414 4
250 416 4
250 417 3
250 418 4
250 419 4
250 421 4
250 422 3
250 427 4
250 428 4
250 430 4
250 431 3
250 432 4
250 433 4
250 434 4
250 435 4
250 443 4
250 448 3
250 455 3
250 462 4
250 465 3
250 467 4
250 468 4
250 469 4
250 470 3
250 471 4
250 472 3
250 474 4
250 476 3
250 477 3
250 478 4
250 479 4
250 480 4
250 481 4
250 482 4
250 483 5
250 484 4
250 487 4
250 488 4
250 490 4
250 491 4
250 493 4
250 494 4
250 495 4
250 496 4
250 497 4
250 499 4
250 500 4
250 502 4
250 503 4
250 505 4
250 506 4
250 507 4
250 509 4
250 510 4
250 511 4
250 514 4
250 518 4
250 520 4
250 523 4
250 525 4
250 526 4
250 527 4
250 528 4
250 530 4
250 535 4
250 549 4
250 550 4
250 553 4
250 557 3
250 558 4
250 559 3
250 561 2
250 566 4
250 568 4
250 570 4
250 582 4
250 583 3
250 589 4
250 591 4
250 602 4
250 604 4
250 606 4
250 607 3
250 608 4
250 609 4
250 610 4
250 611 4
250 612 4
250 613 4
250 614 4
250 618 4
250 620 3
250 622 3
250 629 4
250 630 3
250 631 4
250 632 4
250 633 4
250 637 3
250 642 4
250 647 4
250 648 4
250 650 4
250 651 4
250 655 4
250 657 4
250 659 4
250 660 4
250 661 4
250 663 4
250 673 4
250 679 3
250 685 4
250 686 4
250 689 3
250 692 4
250 693 3
250 700 3
250 704 3
250 707 4
250 708 4
250 709 4
250 710 3
250 712 3
250 714 4
250 715 3
250 716 4
250 717 3
250 723 4
250 727 4
250 728 3
250 729 4
250 731 3
250 735 4
250 736 4
250 739 4
250 742 4
250 747 4
250 748 3
250 751 3
250 761 3
250 762 4
250 765 4
250 771 2
250 774 3
250 775 3
250 778 4
250 783 3
250 785 3
250 790 3
250 792 4
250 794 3
250 801 3
250 807 1
250 815 3
250 821 2
250 823 3
250 832 2
250 837 4
250 842 3
250 845 4
250 846 3
250 847 4
250 865 5
250 869 3
250 873 2
250 878 2
250 900 4
250 902 3
250 904 4
250 905 3
250 908 2
250 921 4
250 923 5
250 926 2
250 928 3
250 934 3
250 936 4
250 939 4
250 940 2
250 942 4
250 956 4
250 965 4
250 966 4
250 967 4
250 969 3
251 242 2
251 243 2
251 259 1
251 260 2
251 263 2
251 264 2
251 268 2
251 269 2
251 270 4
251 286 3
251 288 2
251 292 2
251 294 3
251 299 2
251 300 2
251 301 3
251 303 3
251 307 1
251 308 1
251 322 2
251 323 3
251 325 2
251 327 2
251 328 3
251 329 2
251 330 2
251 331 1
251 332 2
251 333 3
251 336 1
251 337 1
251 359 2
251 360 3
251 457 2
251 680 3
251 681 3
251 683 3
251 687 1
251 688 5
251 690 2
251 749 3
251 872 2
251 874 3
251 875 2
251 877 2
251 879 2
251 880 2
251 881 1
251 882 3
251 883 3
251 884 3
251 937 3
251 938 1
251 984 2
251 989 2
251 991 2
251 995 3
252 7 3
252 8 3
252 14 4
252 22 3
252 25 3
252 27 2
252 45 4
252 48 4
252 52 3
252 58 3
252 60 5
252 61 4
252 62 3
252 64 4
252 66 3
252 69 4
252 70 3
252 79 4
252 86 3
252 88 4
252 89 4
252 96 4
252 97 3
252 99 4
252 111 4
252 121 4
252 124 3
252 127 4
252 132 4
252 134 4
252 135 4
252 136 4
252 143 3
252 152 4
252 154 4
252 156 4
252 161 3
252 162 4
252 163 4
252 170 5
252 173 4
252 174 4
252 180 4
252 181 4
252 183 4
252 185 3
252 186 4
252 187 4
252 188 3
252 191 4
252 194 3
252 195 4
252 197 4
252 201 3
252 202 4
252 203 3
252 204 3
252 207 4
252 211 3
252 212 5
252 216 4
252 234 4
252 237 3
252 243 3
252 245 2
252 259 3
252 269 4
252 276 4
252 286 4
252 294 3
252 318 4
252 371 3
252 384 3
252 404 4
252 418 3
252 419 4
252 420 4
252 423 4
252 427 4
252 430 4
252 435 4
252 443 3
252 455 3
252 458 3
252 461 5
252 462 3
252 465 3
252 467 3
252 472 3
252 479 4
252 482 4
252 483 4
252 485 3
252 488 3
252 490 4
252 491 4
252 494 4
252 495 3
252 496 4
252 498 4
252 502 4
252 506 4
252 509 4
252 510 4
252 513 4
252 517 4
252 518 4
252 521 4
252 523 3
252 526 3
252 530 3
252 531 4
252 554 2
252 576 3
252 588 4
252 597 3
252 603 4
252 609 3
252 614 3
252 615 4
252 624 5
252 631 3
252 636 3
252 641 4
252 648 4
252 654 5
252 659 3
252 660 4
252 684 4
252 729 3
252 736 4
252 780 3
252 781 3
252 792 2
252 805 4
252 815 3
252 856 5
252 863 4
252 874 5
252 924 3
252 947 4
252 969 3
252 971 3
253 3 3
253 4 3
253 7 3
253 9 4
253 11 3
253 12 4
253 17 1
253 22 3
253 24 3
253 33 3
253 42 3
253 48 4
253 49 3
253 50 4
253 53 3
253 59 4
253 68 3
253 69 2
253 73 3
253 77 2
253 79 3
253 80 2
253 93 3
253 94 2
253 97 2
253 98 4
253 100 4
253 117 3
253 122 4
253 125 2
253 132 3
253 143 3
253 154 4
253 156 4
253 157 4
253 158 4
253 164 3
253 168 4
253 172 3
253 174 3
253 181 3
253 184 2
253 186 3
253 188 4
253 196 3
253 204 3
253 210 3
253 214 4
253 223 4
253 231 3
253 233 3
253 234 3
253 238 4
253 239 3
253 246 3
253 248 4
253 258 4
253 268 4
253 276 3
253 288 2
253 298 3
253 318 3
253 354 3
253 356 4
253 357 4
253 364 3
253 367 3
253 369 1
253 385 3
253 393 2
253 401 3
253 402 3
253 410 2
253 412 2
253 416 3
253 421 3
253 423 3
253 424 4
253 427 4
253 456 2
253 471 3
253 475 4
253 476 2
253 496 3
253 515 4
253 550 3
253 552 3
253 566 2
253 568 2
253 578 3
253 586 1
253 591 3
253 651 4
253 655 3
253 684 3
253 693 3
253 697 4
253 717 4
253 721 3
253 742 3
253 871 2
253 959 4
253 963 5
253 975 3
254 1 3
254 11 3
254 12 3
254 15 4
254 22 4
254 28 3
254 50 3
254 51 2
254 55 3
254 56 3
254 58 3
254 66 3
254 69 3
254 70 3
254 73 3
254 76 4
254 77 4
254 79 3
254 82 4
254 87 3
254 88 4
254 89 3
254 96 3
254 97 4
254 98 3
254 99 4
254 100 3
254 107 2
254 114 4
254 117 3
254 118 3
254 121 4
254 124 2
254 131 3
254 136 4
254 143 3
254 144 3
254 153 3
254 161 4
254 162 3
254 164 4
254 169 4
254 172 3
254 173 3
254 174 3
254 181 3
254 182 3
254 185 3
254 191 3
254 193 3
254 194 3
254 195 3
254 196 3
254 197 3
254 199 3
254 202 3
254 203 3
254 204 3
254 210 3
254 211 4
254 215 3
254 222 3
254 228 3
254 234 3
254 237 3
254 250 3
254 255 3
254 257 4
254 258 3
254 259 2
254 260 2
254 270 4
254 272 3
254 277 4
254 279 1
254 286 3
254 289 3
254 293 2
254 300 4
254 310 4
254 315 2
254 316 4
254 317 3
254 318 3
254 322 2
254 323 4
254 326 3
254 356 3
254 357 3
254 378 4
254 385 3
254 392 3
254 404 4
254 414 4
254 418 4
254 419 3
254 423 4
254 427 3
254 431 3
254 434 3
254 435 3
254 451 3
254 454 2
254 465 4
254 468 4
254 474 3
254 478 4
254 479 3
254 482 3
254 483 3
254 484 4
254 485 4
254 487 3
254 490 4
254 492 3
254 493 4
254 496 3
254 497 3
254 507 4
254 509 3
254 519 3
254 520 4
254 526 4
254 528 3
254 531 3
254 566 3
254 568 4
254 603 4
254 605 3
254 607 3
254 610 4
254 612 3
254 614 3
254 627 3
254 631 3
254 633 4
254 642 3
254 649 4
254 651 3
254 654 3
254 655 3
254 657 3
254 659 4
254 660 3
254 661 4
254 678 4
254 685 3
254 686 3
254 692 3
254 693 4
254 694 2
254 705 3
254 707 3
254 735 4
254 736 3
254 740 3
254 742 4
254 746 3
254 836 3
254 837 3
254 842 3
254 873 1
254 875 3
254 879 3
254 939 3
254 945 3
254 956 3
254 961 3
254 968 4
255 1 3
255 2 3
255 4 4
255 7 3
255 8 4
255 9 4
255 12 4
255 14 4
255 17 2
255 20 3
255 24 3
255 25 3
255 31 3
255 39 3
255 42 3
255 44 4
255 47 4
255 53 3
255 56 3
255 57 3
255 58 4
255 64 4
255 65 3
255 69 3
255 70 3
255 71 3
255 87 4
255 89 3
255 95 4
255 96 4
255 97 4
255 98 3
255 100 4
255 118 3
255 123 3
255 125 3
255 126 3
255 127 4
255 135 4
255 148 3
255 161 4
255 170 4
255 173 4
255 174 4
255 176 3
255 191 4
255 196 4
255 197 4
255 204 4
255 214 4
255 217 3
255 222 3
255 223 4
255 228 3
255 234 3
255 237 3
255 245 3
255 252 3
255 255 3
255 257 3
255 265 4
255 270 4
255 275 2
255 276 4
255 277 4
255 279 5
255 281 3
255 282 3
255 289 3
255 291 3
255 292 4
255 293 3
255 298 3
255 300 3
255 304 3
255 307 3
255 313 4
255 317 4
255 318 4
255 321 3
255 323 3
255 334 3
255 343 2
255 380 2
255 382 3
255 393 3
255 402 4
255 405 3
255 428 4
255 447 3
255 455 3
255 462 4
255 465 4
255 471 3
255 475 3
255 504 4
255 508 3
255 511 4
255 515 4
255 518 3
255 529 3
255 531 3
255 549 4
255 582 4
255 584 3
255 591 3
255 597 2
255 627 2
255 628 3
255 629 3
255 647 3
255 660 3
255 678 4
255 692 3
255 694 4
255 709 4
255 724 3
255 727 3
255 738 2
255 747 4
255 755 5
255 778 4
255 898 1
255 934 2
255 939 4
256 1 3
256 3 3
256 4 3
256 12 3
256 13 3
256 22 3
256 23 4
256 32 2
256 42 4
256 46 4
256 50 4
256 53 2
256 54 3
256 57 4
256 60 3
256 61 3
256 68 3
256 69 3
256 79 3
256 80 3
256 86 3
256 91 3
256 92 3
256 95 3
256 97 2
256 99 3
256 100 3
256 101 4
256 111 3
256 125 2
256 127 3
256 133 3
256 135 4
256 143 3
256 161 3
256 168 3
256 170 3
256 172 3
256 174 3
256 175 3
256 177 3
256 179 4
256 180 3
256 181 3
256 182 4
256 185 3
256 186 3
256 187 4
256 188 3
256 194 4
256 196 3
256 197 3
256 202 2
256 208 3
256 210 3
256 211 3
256 216 3
256 218 2
256 222 2
256 226 3
256 228 3
256 231 3
256 232 2
256 234 3
256 238 3
256 268 3
256 273 1
256 274 3
256 282 3
256 286 4
256 294 3
256 325 3
256 346 4
256 357 3
256 366 4
256 369 1
256 380 2
256 403 3
256 410 3
256 414 3
256 419 3
256 421 2
256 423 3
256 427 3
256 431 3
256 432 3
256 433 3
256 443 3
256 447 4
256 448 5
256 449 2
256 452 4
256 460 5
256 461 3
256 462 3
256 474 3
256 475 4
256 479 3
256 484 3
256 490 2
256 498 3
256 505 3
256 506 3
256 508 3
256 523 3
256 546 4
256 559 3
256 568 2
256 578 2
256 581 3
256 582 3
256 603 3
256 608 4
256 640 3
256 655 3
256 658 3
256 660 3
256 662 3
256 672 4
256 673 2
256 693 3
256 696 2
256 708 4
256 710 1
256 715 4
256 720 3
256 721 3
256 737 3
256 743 4
256 763 3
256 789 4
256 806 3
256 818 2
256 845 2
256 864 2
256 919 3
256 922 3
256 933 2
256 943 3
256 955 3
256 959 3
256 963 3
256 979 3
256 985 2
257 4 4
257 7 4
257 8 5
257 9 4
257 11 4
257 12 5
257 14 5
257 15 4
257 20 4
257 22 4
257 27 4
257 31 4
257 38 4
257 44 5
257 45 4
257 48 4
257 50 5
257 51 5
257 52 4
257 53 4
257 54 4
257 56 5
257 57 5
257 58 5
257 59 5
257 62 4
257 64 4
257 65 4
257 66 5
257 70 4
257 77 4
257 79 4
257 82 5
257 86 4
257 89 5
257 91 5
257 94 4
257 96 5
257 97 4
257 100 5
257 105 3
257 111 4
257 114 5
257 117 4
257 118 4
257 122 4
257 127 4
257 134 4
257 137 5
257 143 4
257 144 4
257 148 3
257 151 4
257 155 4
257 156 4
257 157 4
257 161 4
257 162 4
257 164 4
257 168 5
257 172 5
257 173 5
257 174 5
257 176 5
257 180 4
257 181 5
257 182 4
257 183 5
257 185 5
257 186 5
257 190 5
257 191 5
257 192 4
257 193 4
257 194 4
257 196 4
257 197 5
257 200 4
257 203 5
257 204 4
257 209 5
257 214 3
257 215 4
257 216 5
257 218 4
257 219 4
257 223 4
257 226 4
257 228 5
257 229 4
257 230 4
257 231 4
257 232 4
257 234 4
257 235 3
257 237 4
257 239 4
257 240 2
257 241 4
257 243 3
257 248 4
257 257 4
257 258 4
257 265 5
257 282 4
257 285 5
257 288 5
257 304 4
257 318 5
257 357 5
257 370 3
257 372 4
257 373 4
257 378 5
257 380 5
257 385 5
257 393 4
257 395 2
257 401 4
257 402 4
257 403 4
257 405 4
257 410 4
257 411 4
257 412 5
257 417 4
257 425 4
257 428 4
257 436 4
257 443 4
257 448 5
257 450 3
257 452 4
257 453 5
257 455 4
257 456 4
257 458 3
257 462 4
257 469 4
257 470 4
257 471 4
257 472 3
257 473 4
257 474 5
257 476 4
257 483 5
257 500 5
257 507 5
257 509 4
257 527 5
257 529 4
257 531 4
257 540 4
257 546 4
257 549 4
257 553 3
257 554 4
257 559 4
257 566 5
257 568 4
257 582 4
257 584 4
257 588 5
257 597 4
257 623 2
257 628 4
257 629 5
257 631 4
257 632 5
257 636 4
257 640 4
257 651 4
257 655 4
257 658 5
257 664 5
257 673 5
257 679 4
257 692 4
257 699 4
257 704 3
257 708 4
257 709 4
257 717 3
257 720 4
257 722 4
257 727 3
257 729 4
257 732 4
257 739 4
257 742 4
257 744 4
257 747 4
257 755 4
257 758 4
257 769 4
257 770 4
257 775 3
257 783 4
257 792 4
257 819 3
257 825 4
257 841 3
257 845 4
257 871 4
257 931 2
257 934 2
257 948 5
257 949 5
257 959 5
257 980 3
258 8 3
258 9 3
258 12 3
258 14 3
258 20 4
258 23 3
258 25 3
258 28 3
258 32 3
258 48 3
258 50 3
258 57 3
258 58 3
258 86 3
258 96 3
258 98 3
258 117 3
258 121 3
258 124 4
258 126 3
258 127 4
258 129 3
258 134 4
258 143 4
258 144 3
258 147 3
258 152 3
258 169 3
258 174 3
258 178 3
258 179 4
258 180 4
258 182 4
258 183 3
258 187 3
258 189 3
258 190 4
258 191 3
258 192 4
258 193 4
258 195 3
258 203 3
258 208 3
258 209 3
258 234 3
258 237 3
258 238 4
258 245 4
258 250 4
258 255 3
258 273 3
258 278 5
258 282 3
258 284 3
258 285 4
258 286 3
258 287 4
258 288 3
258 289 4
258 293 4
258 298 3
258 301 3
258 304 3
258 307 4
258 317 3
258 318 3
258 319 4
258 321 4
258 333 4
258 346 4
258 357 3
258 387 3
258 405 3
258 408 4
258 410 4
258 423 3
258 425 3
258 427 3
258 430 3
258 461 3
258 467 4
258 469 4
258 473 4
258 474 4
258 496 3
258 509 3
258 514 3
258 517 3
258 521 4
258 526 4
258 529 3
258 530 4
258 546 3
258 582 4
258 588 3
258 589 4
258 591 3
258 596 3
258 603 3
258 632 4
258 644 4
258 648 4
258 651 3
258 654 3
258 663 3
258 685 4
258 694 5
258 696 4
258 704 3
258 709 3
258 717 4
258 736 4
258 742 3
258 744 3
258 750 3
258 753 4
258 792 3
258 844 5
258 847 3
258 896 3
258 925 4
258 939 3
258 952 4
258 956 4
258 980 3
259 1 3
259 3 2
259 7 2
259 8 3
259 15 2
259 16 2
259 19 3
259 22 3
259 25 2
259 79 3
259 100 3
259 108 2
259 111 2
259 117 3
259 120 2
259 121 3
259 123 2
259 147 2
259 148 3
259 164 3
259 172 4
259 174 3
259 181 3
259 194 3
259 216 3
259 220 1
259 222 3
259 225 3
259 230 3
259 245 3
259 249 2
259 250 3
259 255 3
259 258 3
259 260 3
259 264 4
259 274 3
259 278 2
259 282 2
259 286 3
259 289 2
259 291 2
259 295 2
259 300 2
259 301 3
259 322 2
259 323 2
259 328 2
259 332 2
259 333 2
259 357 2
259 358 3
259 411 2
259 472 2
259 473 3
259 523 4
259 568 3
259 596 1
259 597 2
259 651 3
259 676 1
259 678 2
259 685 3
259 687 1
259 742 2
259 748 2
259 815 2
259 825 4
259 827 2
259 846 2
259 864 2
259 866 3
259 873 3
259 879 3
259 934 1
259 969 4
259 978 3
259 989 3
259 993 3
260 1 4
260 7 4
260 10 4
260 14 4
260 20 3
260 117 4
260 127 4
260 129 4
260 146 3
260 149 3
260 224 4
260 242 4
260 250 3
260 253 4
260 257 4
260 258 4
260 273 4
260 275 4
260 276 4
260 279 3
260 285 4
260 286 4
260 289 3
260 293 4
260 294 3
260 297 4
260 301 3
260 303 4
260 307 3
260 311 4
260 322 3
260 458 3
260 515 4
260 532 4
260 591 4
260 676 4
260 713 4
260 744 4
260 847 4
261 9 2
261 50 2
261 121 2
261 242 3
261 255 2
261 285 2
261 302 3
261 304 3
261 313 2
261 319 2
261 321 2
262 11 5
262 100 4
262 237 4
262 259 1
262 271 4
262 272 5
262 288 5
262 289 3
262 292 4
262 300 4
262 310 4
262 313 5
262 315 5
262 323 3
262 330 2
262 332 4
262 678 3
262 866 4
262 895 3
263 3 4
263 7 3
263 13 3
263 14 3
263 15 3
263 20 3
263 21 3
263 24 2
263 50 4
263 93 4
263 100 3
263 103 3
263 107 3
263 112 3
263 116 3
263 117 2
263 121 3
263 124 4
263 126 4
263 137 4
263 147 3
263 149 4
263 150 4
263 151 3
263 221 4
263 224 4
263 225 3
263 235 3
263 242 4
263 243 1
263 244 1
263 249 2
263 250 3
263 253 4
263 257 3
263 258 3
263 268 3
263 270 4
263 274 3
263 283 4
263 284 3
263 285 3
263 288 3
263 301 3
263 304 3
263 306 3
263 310 3
263 311 4
263 319 4
263 347 3
263 362 3
263 410 2
263 455 3
263 472 2
263 473 3
263 475 4
263 477 2
263 508 3
263 544 3
263 593 5
263 597 3
263 689 3
263 741 3
263 744 3
263 751 3
263 813 4
263 819 1
263 845 3
263 864 2
263 870 2
263 880 3
263 887 4
263 926 3
263 930 2
263 950 3
263 952 3
263 988 2
263 993 3
264 16 5
264 116 4
264 176 5
264 181 5
264 248 4
264 258 4
264 260 3
264 264 4
264 269 4
264 286 4
264 289 5
264 294 4
264 298 4
264 300 4
264 302 4
264 321 4
264 322 4
264 326 4
264 328 4
264 333 4
264 482 3
264 603 4
264 678 4
264 705 5
264 709 4
264 879 4
264 984 3
265 1 3
265 7 3
265 8 4
265 12 4
265 22 3
265 32 2
265 50 3
265 56 4
265 64 3
265 87 3
265 97 3
265 100 3
265 114 4
265 132 4
265 134 4
265 136 4
265 143 3
265 154 3
265 169 2
265 172 3
265 174 3
265 175 3
265 179 4
265 180 4
265 181 3
265 190 3
265 191 3
265 194 3
265 198 4
265 199 3
265 202 4
265 216 3
265 257 3
265 258 3
265 283 4
265 286 3
265 300 3
265 318 3
265 319 4
265 395 4
265 404 3
265 428 3
265 474 4
265 475 4
265 477 4
265 478 3
265 481 5
265 496 3
265 511 4
265 525 3
265 529 4
265 584 3
265 588 2
265 603 3
265 615 3
265 638 3
265 651 3
265 855 4
266 2 3
266 11 3
266 22 4
266 24 4
266 27 3
266 50 5
266 55 5
266 56 5
266 62 5
266 68 3
266 79 4
266 82 4
266 87 4
266 89 5
266 95 4
266 96 4
266 98 4
266 117 3
266 127 5
266 144 4
266 172 4
266 174 5
266 176 4
266 182 5
266 183 4
266 184 3
266 187 4
266 188 4
266 210 4
266 231 2
266 232 3
266 258 4
266 265 5
266 268 2
266 269 4
266 273 4
266 288 3
266 292 4
266 294 3
266 302 4
266 306 4
266 308 3
266 313 2
266 315 4
266 321 3
266 324 5
266 326 3
266 327 4
266 328 4
266 331 4
266 333 5
266 334 3
266 344 2
266 346 3
266 349 5
266 350 4
266 354 3
266 385 4
266 405 4
266 455 4
266 518 4
266 546 4
266 550 3
266 566 3
266 568 4
266 651 5
266 682 3
266 748 5
266 873 2
266 882 3
266 885 2
266 898 3
266 908 2
267 1 5
267 10 5
267 24 5
267 50 5
267 93 5
267 108 4
267 109 4
267 117 5
267 124 4
267 150 5
267 240 4
267 246 5
267 248 5
267 249 5
267 257 5
267 264 4
267 268 5
267 273 5
267 288 5
267 298 4
267 340 5
267 455 4
267 475 5
267 742 5
267 762 4
267 919 5
268 1 4
268 4 5
268 7 5
268 8 5
268 12 3
268 13 4
268 15 4
268 19 4
268 22 4
268 23 4
268 25 5
268 31 4
268 39 3
268 42 4
268 47 4
268 51 3
268 56 3
268 58 4
268 69 4
268 70 4
268 71 4
268 95 5
268 96 5
268 97 5
268 98 3
268 100 4
268 111 4
268 116 4
268 118 4
268 121 5
268 126 4
268 132 4
268 137 3
268 144 4
268 150 4
268 153 5
268 159 4
268 160 5
268 170 4
268 172 5
268 173 3
268 178 4
268 180 4
268 181 5
268 182 4
268 191 4
268 195 4
268 200 5
268 209 4
268 214 5
268 216 5
268 222 5
268 238 3
268 249 3
268 251 4
268 257 5
268 258 5
268 273 5
268 275 4
268 283 4
268 285 4
268 294 5
268 297 4
268 318 4
268 321 4
268 357 4
268 367 5
268 372 4
268 377 1
268 405 5
268 411 4
268 423 4
268 427 4
268 428 4
268 435 5
268 461 4
268 462 3
268 469 3
268 471 5
268 475 3
268 498 4
268 507 4
268 529 4
268 544 3
268 582 5
268 603 5
268 612 4
268 642 5
268 655 2
268 692 5
268 699 4
268 724 4
268 742 4
268 826 2
268 856 4
268 926 4
268 952 3
269 10 5
269 64 5
269 65 5
269 127 3
269 134 5
269 136 5
269 153 4
269 173 4
269 194 4
269 286 5
269 306 4
269 474 5
269 483 5
269 484 5
269 490 5
269 495 4
269 499 5
269 507 5
269 511 5
269 513 5
269 520 4
269 582 5
269 605 5
269 610 5
269 611 4
269 641 5
269 654 4
269 705 4
269 855 4
270 9 3
270 13 3
270 19 3
270 50 4
270 93 4
270 100 3
270 118 4
270 125 4
270 137 3
270 150 3
270 221 4
270 235 3
270 246 3
270 248 3
270 257 3
270 258 3
270 276 3
270 283 4
270 284 4
270 285 4
270 286 3
270 288 3
270 293 3
270 294 3
270 295 4
270 360 3
270 458 4
270 471 4
270 475 2
270 508 3
270 544 5
270 546 3
270 813 3
270 847 4
270 919 3
270 950 5
270 952 3
271 1 4
271 50 4
271 99 4
271 102 3
271 140 2
271 151 4
271 225 4
271 404 4
271 422 2
271 465 3
271 477 3
271 588 3
271 596 3
271 768 1
271 878 1
271 932 2
271 969 4
272 1 5
272 2 4
272 3 3
272 4 4
272 7 4
272 11 4
272 12 5
272 21 3
272 24 3
272 27 4
272 28 4
272 29 3
272 33 5
272 38 4
272 41 3
272 43 5
272 49 3
272 51 4
272 56 4
272 63 5
272 64 5
272 66 4
272 68 4
272 69 5
272 71 4
272 72 5
272 73 4
272 78 3
272 79 4
272 80 3
272 82 5
272 88 4
272 90 3
272 94 4
272 97 5
272 99 5
272 101 5
272 109 4
272 117 4
272 118 5
272 120 5
272 122 2
272 123 5
272 132 4
272 135 4
272 141 4
272 151 4
272 161 5
272 168 5
272 172 3
272 173 4
272 174 5
272 175 4
272 177 5
272 181 5
272 183 4
272 185 4
272 186 4
272 193 4
272 195 5
272 196 5
272 204 5
272 210 5
272 215 5
272 217 3
272 218 4
272 226 4
272 228 4
272 229 4
272 232 4
272 233 5
272 234 5
272 239 5
272 240 3
272 250 5
272 254 3
272 255 5
272 258 5
272 260 5
272 271 4
272 288 5
272 313 4
272 318 4
272 323 4
272 343 3
272 355 4
272 358 5
272 362 3
272 365 3
272 368 2
272 370 3
272 373 3
272 374 4
272 375 2
272 378 5
272 380 5
272 384 3
272 386 3
272 391 3
272 392 4
272 393 5
272 395 2
272 400 1
272 401 2
272 404 5
272 411 4
272 416 4
272 417 4
272 418 4
272 431 3
272 443 5
272 449 5
272 455 5
272 465 5
272 473 4
272 475 3
272 477 4
272 485 3
272 496 4
272 501 5
272 540 4
272 541 3
272 546 4
272 548 4
272 550 4
272 552 3
272 559 2
272 561 2
272 562 3
272 567 2
272 568 4
272 569 3
272 576 5
272 577 2
272 578 4
272 584 5
272 588 5
272 597 4
272 625 4
272 633 4
272 655 4
272 658 4
272 665 3
272 672 2
272 682 2
272 685 5
272 715 5
272 720 5
272 739 5
272 742 4
272 743 2
272 747 4
272 748 4
272 751 5
272 755 5
272 756 3
272 758 2
272 760 2
272 763 3
272 768 5
272 771 4
272 780 2
272 790 4
272 796 4
272 810 4
272 826 4
272 834 2
272 877 3
272 890 2
272 895 2
272 924 4
272 928 3
272 930 2
272 931 2
272 940 2
272 951 3
272 977 4
273 9 3
273 14 4
273 25 3
273 116 4
273 124 4
273 129 4
273 137 4
273 242 4
273 257 4
273 273 3
273 275 4
273 276 3
273 293 4
273 302 3
273 303 4
273 319 3
273 321 3
273 327 3
273 508 3
273 547 3
274 7 4
274 8 3
274 11 3
274 12 4
274 13 4
274 14 3
274 15 5
274 22 5
274 23 3
274 26 4
274 42 4
274 44 4
274 45 4
274 48 3
274 50 4
274 52 3
274 58 5
274 60 4
274 61 4
274 64 5
274 66 3
274 68 5
274 69 5
274 71 4
274 72 5
274 73 3
274 76 4
274 77 5
274 79 4
274 83 2
274 86 5
274 87 5
274 88 4
274 89 3
274 92 4
274 97 5
274 98 4
274 99 4
274 100 4
274 107 4
274 116 4
274 121 4
274 131 4
274 132 4
274 134 4
274 135 3
274 136 4
274 141 4
274 150 4
274 161 4
274 170 4
274 171 3
274 172 4
274 173 3
274 175 3
274 176 3
274 178 3
274 179 3
274 180 5
274 181 4
274 182 3
274 183 4
274 191 3
274 192 4
274 193 4
274 194 3
274 195 3
274 196 4
274 198 4
274 199 4
274 203 3
274 205 3
274 207 4
274 208 2
274 209 3
274 210 4
274 211 4
274 212 3
274 215 5
274 216 4
274 218 5
274 221 5
274 227 5
274 230 4
274 234 4
274 237 4
274 238 3
274 244 4
274 248 4
274 252 5
274 257 5
274 258 3
274 274 4
274 275 3
274 276 5
274 282 4
274 283 3
274 285 4
274 286 4
274 288 5
274 289 5
274 291 3
274 293 4
274 298 3
274 302 4
274 313 4
274 315 4
274 316 5
274 317 3
274 322 3
274 326 3
274 346 3
274 356 4
274 380 2
274 382 5
274 385 5
274 410 5
274 414 4
274 416 4
274 418 4
274 419 4
274 430 3
274 434 4
274 435 4
274 436 4
274 461 4
274 463 3
274 470 5
274 474 3
274 475 3
274 478 4
274 480 4
274 481 4
274 483 4
274 484 3
274 486 4
274 488 4
274 489 4
274 490 4
274 491 4
274 493 4
274 495 4
274 496 5
274 497 4
274 498 4
274 499 4
274 503 4
274 506 4
274 507 4
274 508 4
274 510 3
274 511 3
274 513 4
274 514 4
274 517 5
274 518 4
274 519 4
274 520 4
274 521 2
274 525 3
274 526 4
274 527 3
274 528 5
274 529 5
274 530 3
274 553 4
274 566 5
274 584 4
274 591 5
274 601 4
274 602 4
274 603 4
274 604 4
274 605 4
274 607 3
274 610 4
274 614 4
274 615 4
274 617 4
274 618 4
274 628 4
274 633 4
274 641 3
274 642 3
274 646 4
274 648 3
274 649 3
274 651 4
274 653 4
274 657 4
274 659 3
274 660 3
274 661 4
274 664 3
274 676 4
274 684 5
274 685 4
274 692 5
274 696 3
274 697 3
274 699 3
274 705 4
274 707 4
274 708 4
274 709 4
274 735 4
274 736 4
274 744 4
274 756 3
274 789 4
274 792 2
274 836 4
274 848 5
274 921 5
274 923 5
274 939 4
274 943 3
274 945 4
274 963 4
274 966 4
274 971 4
274 996 5
275 50 3
275 70 3
275 100 3
275 259 4
275 315 4
275 347 3
275 381 3
276 4 3
276 26 3
276 33 2
276 42 3
276 56 3
276 67 2
276 72 3
276 73 3
276 80 2
276 83 3
276 85 2
276 88 3
276 168 3
276 173 4
276 175 3
276 186 3
276 194 3
276 202 3
276 208 3
276 209 3
276 211 3
276 216 3
276 232 3
276 238 3
276 239 3
276 288 3
276 300 3
276 328 3
276 343 4
276 367 3
276 386 2
276 579 4
276 585 3
276 648 3
276 655 3
276 692 3
276 710 2
276 712 2
276 715 3
276 734 3
276 738 2
276 748 3
276 765 3
276 781 3
276 790 2
276 792 3
276 944 2
276 999 3
277 20 5
277 25 3
277 36 2
277 88 4
277 90 5
277 237 4
277 255 3
277 280 4
277 282 4
277 289 2
277 294 4
277 553 4
277 709 3
277 722 5
277 724 4
277 732 5
277 778 4
277 781 5
277 815 3
277 846 3
278 1 4
278 7 3
278 17 4
278 23 4
278 26 4
278 28 4
278 40 4
278 41 3
278 42 3
278 48 3
278 50 4
278 65 5
278 72 3
278 77 4
278 79 4
278 81 3
278 93 5
278 98 4
278 111 4
278 122 5
278 134 4
278 137 4
278 143 4
278 145 2
278 151 4
278 160 5
278 161 3
278 168 4
278 188 3
278 196 4
278 216 4
278 218 4
278 219 3
278 222 4
278 231 3
278 237 4
278 238 4
278 276 5
278 288 4
278 300 4
278 318 4
278 327 3
278 340 3
278 350 3
278 354 4
278 357 3
278 367 4
278 369 5
278 392 4
278 403 4
278 410 5
278 412 3
278 427 5
278 447 3
278 451 3
278 467 4
278 469 3
278 518 4
278 568 4
278 591 4
278 604 4
278 616 5
278 655 4
278 658 4
278 673 3
278 684 3
278 739 4
278 743 5
278 763 3
278 843 3
278 866 3
278 959 4
278 975 3
279 1 4
279 8 4
279 24 3
279 28 3
279 31 4
279 50 4
279 54 3
279 55 4
279 58 3
279 66 3
279 70 3
279 71 4
279 79 4
279 82 3
279 88 3
279 89 4
279 95 4
279 96 4
279 97 4
279 100 4
279 101 3
279 108 3
279 111 3
279 117 4
279 118 4
279 121 4
279 122 2
279 127 3
279 133 3
279 135 4
279 147 4
279 148 3
279 161 4
279 168 4
279 172 4
279 173 4
279 174 4
279 175 4
279 176 4
279 177 3
279 179 3
279 180 4
279 181 4
279 182 3
279 183 4
279 185 3
279 187 3
279 188 3
279 189 3
279 190 4
279 195 4
279 197 4
279 198 4
279 201 3
279 204 4
279 209 4
279 210 4
279 211 3
279 213 3
279 215 3
279 216 3
279 226 3
279 228 4
279 230 3
279 241 3
279 248 4
279 249 3
279 255 3
279 257 3
279 258 4
279 261 3
279 264 3
279 265 3
279 266 3
279 270 4
279 272 4
279 281 3
279 282 4
279 283 3
279 286 3
279 288 3
279 294 3
279 295 3
279 298 3
279 300 4
279 304 4
279 318 3
279 324 3
279 328 4
279 356 3
279 358 4
279 380 4
279 385 4
279 398 2
279 405 3
279 421 4
279 422 2
279 423 4
279 436 3
279 455 4
279 463 4
279 472 2
279 479 4
279 483 3
279 489 4
279 500 4
279 510 4
279 511 4
279 523 4
279 526 2
279 528 3
279 535 2
279 546 3
279 566 3
279 588 4
279 602 3
279 604 3
279 616 3
279 629 4
279 632 2
279 640 4
279 651 4
279 655 4
279 680 3
279 688 1
279 692 4
279 727 4
279 732 4
279 739 3
279 748 4
279 751 5
279 752 3
279 840 3
279 879 4
279 931 1
279 945 3
280 8 4
280 12 5
280 64 4
280 96 4
280 100 5
280 114 5
280 127 5
280 165 5
280 166 4
280 172 4
280 175 4
280 183 4
280 190 4
280 191 5
280 203 4
280 213 4
280 237 4
280 257 4
280 265 4
280 272 4
280 294 4
280 298 5
280 319 2
280 347 3
280 462 4
280 479 4
280 483 4
280 504 3
280 510 4
280 511 5
280 517 4
280 603 4
280 615 4
280 642 3
280 661 5
280 705 4
280 863 4
281 42 4
281 50 4
281 66 5
281 70 4
281 86 4
281 100 4
281 153 3
281 163 3
281 173 5
281 190 4
281 197 4
281 204 4
281 207 4
281 210 5
281 238 4
281 283 4
281 313 5
281 318 4
281 322 3
281 367 4
281 427 5
281 430 2
281 435 4
281 479 4
281 484 3
281 505 5
281 507 4
281 514 4
281 524 4
281 596 3
281 648 4
281 650 4
281 678 3
281 780 5
282 50 3
282 127 4
282 257 3
282 288 3
282 289 4
282 295 4
282 298 5
282 301 4
282 321 4
282 748 3
282 876 5
282 881 5
283 1 3
283 12 4
283 20 4
283 99 4
283 107 4
283 116 4
283 121 4
283 144 4
283 151 4
283 180 4
283 181 4
283 195 4
283 197 4
283 199 3
283 229 5
283 230 4
283 237 3
283 249 5
283 250 5
283 257 3
283 270 4
283 271 5
283 277 3
283 286 3
283 290 3
283 318 4
283 365 3
283 380 5
283 405 4
283 432 4
283 449 5
283 462 4
283 480 4
283 538 2
283 582 5
283 612 4
283 743 5
283 900 3
284 1 5
284 7 5
284 9 5
284 15 4
284 24 5
284 25 4
284 28 5
284 29 4
284 50 5
284 51 4
284 53 3
284 56 5
284 70 5
284 71 5
284 73 5
284 79 5
284 82 4
284 94 4
284 96 5
284 97 5
284 98 5
284 111 5
284 122 2
284 135 5
284 136 3
284 143 5
284 144 5
284 150 5
284 151 5
284 168 5
284 173 5
284 174 5
284 181 5
284 195 5
284 202 5
284 204 5
284 216 5
284 222 5
284 227 5
284 229 4
284 230 4
284 234 5
284 235 4
284 237 5
284 239 5
284 248 5
284 250 5
284 252 4
284 255 3
284 257 4
284 258 5
284 265 5
284 274 5
284 275 4
284 293 4
284 294 4
284 300 4
284 313 5
284 315 5
284 318 5
284 343 2
284 385 5
284 392 5
284 399 5
284 405 4
284 419 5
284 422 4
284 427 5
284 431 4
284 449 5
284 451 4
284 463 5
284 472 5
284 510 5
284 550 5
284 560 5
284 562 3
284 568 5
284 578 5
284 588 5
284 597 5
284 625 4
284 651 5
284 655 5
284 665 3
284 679 5
284 692 5
284 699 4
284 746 4
284 755 4
284 778 5
284 823 5
284 829 4
284 849 2
284 879 3
284 926 2
285 245 3
285 288 3
285 289 3
285 294 3
285 303 2
285 313 2
285 321 3
285 326 2
285 330 3
285 341 4
285 748 3
286 1 4
286 3 3
286 7 3
286 10 3
286 13 4
286 14 4
286 15 2
286 20 4
286 93 4
286 109 4
286 111 3
286 117 3
286 121 2
286 123 3
286 124 3
286 127 3
286 129 3
286 137 4
286 146 4
286 147 3
286 150 4
286 151 4
286 181 3
286 220 2
286 221 4
286 235 5
286 236 3
286 237 2
286 245 3
286 248 3
286 250 3
286 255 2
286 257 3
286 258 3
286 262 3
286 264 2
286 270 3
286 273 4
286 275 3
286 276 4
286 277 3
286 280 3
286 282 3
286 284 3
286 285 4
286 286 4
286 287 3
286 295 4
286 298 4
286 299 3
286 300 3
286 305 2
286 319 4
286 321 3
286 322 3
286 327 3
286 331 4
286 332 3
286 333 3
286 336 3
286 471 4
286 475 3
286 476 3
286 508 4
286 591 1
286 595 3
286 597 3
286 620 3
286 628 2
286 678 3
286 689 3
286 696 3
286 717 5
286 718 3
286 742 2
286 748 4
286 762 3
286 766 4
286 818 4
286 823 3
286 845 3
286 846 3
286 864 4
286 872 4
286 874 4
286 879 3
286 880 3
286 882 4
286 886 4
286 887 4
286 924 2
286 935 3
286 975 3
286 994 2
286 995 4
287 1 4
287 2 4
287 3 3
287 4 5
287 12 4
287 17 3
287 25 3
287 28 4
287 31 4
287 38 3
287 42 4
287 43 3
287 45 5
287 48 4
287 49 4
287 50 4
287 55 4
287 56 5
287 58 4
287 66 3
287 68 4
287 69 3
287 71 3
287 73 4
287 76 4
287 77 3
287 79 3
287 81 4
287 82 3
287 87 4
287 88 3
287 92 4
287 95 3
287 96 4
287 97 4
287 99 4
287 100 4
287 111 4
287 117 2
287 121 3
287 125 2
287 128 4
287 133 4
287 136 5
287 140 3
287 143 4
287 144 4
287 150 3
287 160 4
287 161 4
287 172 4
287 174 3
287 176 3
287 179 4
287 181 3
287 183 4
287 188 4
287 191 4
287 194 3
287 195 4
287 196 3
287 202 3
287 206 5
287 215 4
287 216 4
287 222 4
287 226 3
287 227 3
287 230 3
287 232 3
287 237 3
287 239 3
287 249 3
287 252 3
287 255 4
287 257 5
287 258 4
287 259 5
287 260 4
287 265 3
287 270 3
287 272 5
287 273 4
287 276 4
287 280 3
287 282 3
287 286 4
287 288 4
287 289 3
287 293 4
287 294 4
287 298 2
287 300 3
287 318 4
287 333 3
287 347 4
287 356 4
287 366 3
287 367 4
287 378 3
287 402 4
287 403 3
287 404 4
287 411 3
287 412 4
287 419 3
287 423 4
287 432 4
287 455 4
287 462 4
287 470 5
287 471 4
287 474 4
287 501 3
287 540 3
287 541 5
287 546 3
287 549 4
287 550 2
287 566 3
287 572 4
287 578 3
287 586 1
287 588 4
287 591 4
287 596 4
287 597 4
287 620 3
287 627 3
287 628 5
287 652 4
287 658 3
287 672 4
287 679 4
287 684 3
287 685 5
287 686 4
287 692 3
287 710 3
287 713 4
287 727 5
287 732 3
287 735 4
287 742 3
287 747 3
287 748 4
287 768 3
287 772 4
287 779 4
287 781 4
287 790 5
287 794 3
287 820 3
287 823 4
287 833 4
287 845 3
287 932 4
287 939 4
287 941 3
287 956 5
287 978 2
288 1 3
288 8 4
288 11 4
288 22 3
288 28 3
288 33 3
288 50 4
288 58 3
288 64 4
288 69 4
288 70 3
288 83 4
288 87 3
288 96 4
288 98 4
288 100 4
288 111 4
288 133 4
288 135 4
288 154 4
288 164 4
288 168 4
288 172 3
288 173 4
288 176 4
288 180 3
288 181 3
288 182 4
288 183 4
288 185 4
288 186 4
288 187 4
288 190 4
288 196 4
288 198 4
288 199 4
288 200 4
288 203 3
288 207 4
288 210 3
288 211 4
288 222 3
288 228 4
288 230 3
288 238 4
288 243 2
288 245 3
288 258 3
288 259 3
288 260 2
288 265 3
288 269 3
288 292 3
288 299 3
288 304 4
288 318 4
288 328 3
288 333 4
288 358 4
288 385 4
288 405 3
288 414 4
288 419 3
288 429 4
288 434 3
288 468 2
288 474 4
288 480 4
288 483 4
288 485 4
288 491 4
288 493 4
288 496 3
288 498 4
288 500 4
288 510 4
288 511 4
288 514 4
288 515 3
288 520 4
288 521 4
288 523 4
288 526 3
288 527 4
288 568 3
288 605 3
288 612 4
288 655 4
288 659 4
288 662 3
288 692 3
288 707 3
288 724 4
288 732 3
288 776 2
288 845 3
288 880 4
288 890 2
289 243 2
289 258 4
289 259 3
289 260 2
289 261 3
289 263 2
289 264 3
289 266 3
289 268 3
289 271 3
289 272 4
289 286 5
289 288 3
289 292 3
289 294 4
289 301 4
289 302 4
289 304 4
289 308 3
289 310 4
289 313 5
289 315 4
289 316 2
289 319 2
289 321 4
289 324 2
289 325 5
289 326 4
289 327 5
289 330 2
289 331 3
289 332 3
289 333 4
289 334 3
289 339 3
289 340 4
289 342 3
289 343 2
289 349 2
289 353 3
289 355 3
289 358 3
289 457 2
289 538 4
289 678 2
289 680 3
289 681 3
289 682 3
289 687 2
289 689 3
289 748 4
289 750 3
289 751 3
289 752 3
289 872 3
289 873 2
289 874 5
289 875 1
289 878 1
289 881 2
289 883 3
289 887 2
289 890 2
289 892 4
289 902 3
289 948 3
289 988 2
289 989 2
289 991 2
290 1 3
290 9 3
290 15 4
290 50 3
290 93 3
290 117 3
290 124 2
290 126 4
290 127 3
290 137 3
290 150 5
290 151 3
290 181 3
290 224 4
290 237 3
290 258 3
290 273 3
290 277 2
290 284 3
290 286 3
290 292 4
290 293 3
290 298 3
290 302 4
290 333 3
290 410 3
290 455 1
290 473 2
290 475 4
290 596 2
290 741 3
290 764 3
290 847 2
290 919 4
290 926 2
290 993 3
291 45 4
291 100 3
291 124 3
291 129 3
291 190 4
291 237 3
291 258 3
291 273 3
291 285 3
291 286 3
291 340 2
291 475 2
291 657 3
291 696 3
291 900 3
292 45 4
292 56 3
292 69 3
292 83 4
292 86 3
292 97 4
292 100 3
292 124 3
292 127 4
292 131 3
292 137 2
292 186 3
292 187 4
292 192 3
292 193 4
292 205 4
292 212 5
292 221 3
292 242 3
292 285 3
292 286 4
292 291 3
292 318 4
292 479 2
292 482 3
292 483 3
292 492 4
292 511 3
292 523 2
292 527 3
292 528 4
292 531 3
292 654 4
292 772 3
293 1 4
293 7 4
293 11 4
293 12 4
293 22 4
293 24 4
293 48 4
293 50 4
293 59 4
293 60 3
293 65 3
293 69 4
293 71 4
293 79 4
293 82 3
293 91 4
293 95 3
293 96 3
293 98 4
293 100 4
293 115 4
293 117 3
293 118 3
293 121 3
293 124 5
293 127 4
293 150 5
293 151 4
293 154 4
293 156 4
293 168 4
293 171 4
293 172 4
293 173 4
293 174 4
293 175 4
293 176 4
293 180 4
293 181 4
293 182 4
293 183 4
293 188 4
293 191 4
293 192 5
293 195 4
293 196 4
293 209 4
293 210 3
293 222 4
293 234 4
293 235 5
293 238 4
293 239 3
293 250 4
293 252 1
293 257 4
293 258 3
293 260 5
293 264 4
293 265 3
293 271 3
293 273 4
293 275 3
293 284 4
293 288 3
293 300 3
293 318 3
293 323 3
293 327 4
293 328 4
293 343 4
293 357 4
293 369 1
293 404 4
293 405 3
293 410 4
293 411 4
293 431 4
293 455 4
293 462 4
293 475 5
293 483 4
293 527 4
293 528 4
293 546 4
293 550 4
293 597 4
293 647 3
293 652 4
293 684 4
293 687 2
293 693 4
293 742 4
293 746 4
293 751 4
293 754 4
293 762 4
293 763 3
293 876 3
293 879 5
293 886 3
293 890 3
293 925 4
294 9 4
294 50 4
294 64 3
294 65 4
294 86 3
294 98 3
294 100 4
294 107 4
294 126 4
294 174 3
294 183 3
294 191 3
294 194 3
294 199 3
294 222 4
294 237 4
294 286 4
294 289 4
294 294 4
294 322 4
294 357 4
294 427 3
294 507 4
294 528 4
294 748 3
295 2 4
295 4 4
295 11 4
295 29 4
295 44 4
295 50 5
295 53 4
295 54 3
295 56 4
295 64 4
295 68 3
295 69 4
295 71 4
295 79 4
295 84 4
295 86 4
295 88 4
295 89 4
295 90 3
295 91 4
295 94 4
295 95 3
295 98 4
295 101 3
295 109 3
295 120 2
295 121 3
295 132 4
295 133 5
295 139 4
295 140 4
295 143 4
295 144 4
295 145 4
295 147 3
295 151 3
295 153 4
295 155 3
295 157 4
295 158 3
295 161 3
295 162 4
295 163 4
295 167 4
295 168 5
295 172 4
295 173 4
295 176 5
295 179 5
295 181 4
295 184 3
295 186 3
295 188 4
295 191 4
295 195 5
295 200 4
295 201 5
295 202 3
295 204 4
295 214 3
295 216 5
295 217 3
295 219 4
295 222 4
295 227 3
295 228 4
295 229 4
295 230 4
295 231 4
295 232 3
295 234 4
295 235 3
295 265 4
295 282 5
295 288 3
295 357 4
295 379 4
295 380 4
295 385 3
295 386 4
295 389 4
295 391 3
295 392 4
295 395 5
295 402 4
295 403 4
295 404 3
295 413 4
295 416 5
295 417 4
295 421 5
295 423 4
295 431 4
295 433 3
295 435 4
295 444 4
295 447 5
295 449 4
295 451 4
295 452 4
295 465 3
295 470 3
295 472 3
295 478 3
295 479 5
295 496 4
295 501 3
295 504 4
295 505 5
295 507 5
295 523 4
295 559 3
295 566 4
295 575 2
295 581 4
295 616 4
295 622 3
295 629 4
295 642 4
295 650 4
295 658 4
295 660 4
295 665 4
295 671 2
295 674 4
295 679 3
295 684 4
295 705 4
295 732 3
295 742 4
295 768 3
295 770 2
295 790 4
295 796 4
295 797 2
295 831 3
295 843 2
295 924 2
295 944 2
296 7 2
296 10 2
296 11 4
296 17 1
296 33 1
296 38 2
296 39 2
296 42 3
296 50 3
296 53 2
296 56 3
296 64 3
296 77 3
296 87 3
296 89 3
296 96 3
296 97 3
296 98 3
296 99 3
296 109 2
296 132 3
296 133 3
296 135 3
296 136 3
296 141 3
296 143 2
296 147 4
296 150 3
296 154 3
296 156 3
296 158 3
296 164 3
296 172 2
296 173 3
296 181 2
296 183 3
296 186 3
296 191 3
296 204 3
296 222 2
296 227 1
296 228 2
296 229 2
296 246 2
296 268 2
296 288 2
296 318 3
296 356 3
296 378 3
296 380 2
296 393 3
296 417 2
296 418 2
296 420 3
296 432 2
296 433 4
296 469 4
296 480 3
296 485 2
296 526 3
296 528 3
296 532 2
296 561 3
296 607 3
296 625 2
296 633 2
296 659 2
296 727 4
296 743 1
296 746 3
296 774 1
296 825 3
296 921 2
297 1 4
297 2 2
297 3 1
297 11 3
297 12 4
297 13 3
297 19 4
297 24 2
297 25 3
297 28 3
297 31 3
297 38 2
297 39 2
297 54 3
297 56 3
297 66 3
297 67 3
297 70 3
297 71 3
297 72 3
297 77 3
297 79 3
297 80 3
297 82 3
297 87 4
297 89 4
297 94 3
297 95 3
297 96 4
297 97 3
297 98 4
297 99 3
297 100 3
297 101 2
297 105 1
297 108 4
297 109 4
297 114 4
297 118 3
297 122 1
297 127 4
297 139 3
297 145 1
297 152 3
297 153 3
297 155 2
297 161 3
297 163 3
297 164 3
297 167 2
297 168 4
297 173 4
297 174 4
297 175 3
297 181 4
297 185 3
297 186 4
297 187 4
297 188 3
297 189 2
297 195 4
297 197 4
297 202 4
297 204 4
297 208 4
297 217 3
297 225 2
297 227 3
297 228 3
297 229 3
297 230 3
297 233 3
297 234 3
297 240 3
297 242 4
297 248 3
297 250 3
297 252 3
297 257 4
297 258 4
297 260 1
297 268 4
297 273 3
297 274 3
297 288 3
297 291 2
297 298 2
297 325 3
297 358 3
297 363 2
297 364 2
297 373 3
297 382 3
297 384 3
297 385 3
297 386 2
297 393 3
297 395 3
297 399 3
297 403 3
297 405 3
297 407 2
297 408 4
297 412 2
297 418 3
297 420 3
297 423 3
297 431 3
297 432 3
297 451 3
297 452 2
297 455 3
297 465 2
297 472 2
297 475 3
297 501 3
297 508 4
297 510 4
297 526 5
297 540 3
297 545 2
297 549 3
297 550 3
297 552 2
297 559 3
297 562 2
297 566 3
297 568 3
297 570 3
297 575 2
297 577 3
297 578 2
297 588 3
297 590 1
297 597 2
297 603 3
297 625 3
297 627 4
297 645 4
297 651 4
297 652 3
297 655 3
297 657 4
297 679 2
297 692 3
297 716 2
297 720 1
297 721 3
297 722 2
297 724 4
297 731 2
297 741 3
297 746 3
297 748 3
297 758 1
297 765 2
297 771 2
297 780 3
297 781 2
297 783 2
297 790 2
297 792 3
297 797 2
297 802 3
297 809 3
297 810 2
297 840 2
297 849 2
297 864 1
297 940 3
297 943 2
297 1000 2
298 10 4
298 11 4
298 12 5
298 23 4
298 32 3
298 50 3
298 53 3
298 56 5
298 59 4
298 61 4
298 79 4
298 83 4
298 89 4
298 98 5
298 121 4
298 124 3
298 127 4
298 136 4
298 137 4
298 144 4
298 150 3
298 151 4
298 156 4
298 160 4
298 164 5
298 168 4
298 171 4
298 172 2
298 175 4
298 176 3
298 182 4
298 183 4
298 186 4
298 187 3
298 191 4
298 192 4
298 197 4
298 202 3
298 203 3
298 204 4
298 210 4
298 212 4
298 218 4
298 222 3
298 228 1
298 229 2
298 258 4
298 262 4
298 271 2
298 275 5
298 288 4
298 293 4
298 302 4
298 340 4
298 381 4
298 425 4
298 435 4
298 443 3
298 447 5
298 449 3
298 464 4
298 474 4
298 475 4
298 483 5
298 484 3
298 486 4
298 489 4
298 512 4
298 514 4
298 515 4
298 522 4
298 525 3
298 538 3
298 548 3
298 554 2
298 558 5
298 591 4
298 594 3
298 603 3
298 631 4
298 649 3
298 652 4
298 656 5
298 664 2
298 675 5
298 693 3
298 754 4
298 772 3
298 806 4
298 887 3
298 919 3
298 922 3
298 985 3
299 8 4
299 11 5
299 12 5
299 50 5
299 87 5
299 97 4
299 117 4
299 127 5
299 132 5
299 136 5
299 153 4
299 157 3
299 176 5
299 177 4
299 181 5
299 182 5
299 183 5
299 191 5
299 193 4
299 194 5
299 198 5
299 202 5
299 207 5
299 210 5
299 213 5
299 215 5
299 238 5
299 251 5
299 271 5
299 272 4
299 275 5
299 295 4
299 300 5
299 301 5
299 307 4
299 312 3
299 313 5
299 318 5
299 326 5
299 357 5
299 414 4
299 425 4
299 463 5
299 474 5
299 482 4
299 483 5
299 484 5
299 486 3
299 497 5
299 511 5
299 516 3
299 520 5
299 521 4
299 530 4
299 539 4
299 605 5
299 651 4
299 657 4
299 661 5
299 663 5
299 664 4
299 690 3
299 692 5
299 742 5
299 750 5
299 879 5
299 886 4
299 887 5
299 902 4
300 1 4
300 3 5
300 8 4
300 9 4
300 25 3
300 28 3
300 30 4
300 39 3
300 42 4
300 43 4
300 44 4
300 45 3
300 50 4
300 56 4
300 58 4
300 61 4
300 62 4
300 69 3
300 70 4
300 72 4
300 83 3
300 88 3
300 89 4
300 94 3
300 97 3
300 98 4
300 100 4
300 111 4
300 116 4
300 118 3
300 120 1
300 125 3
300 129 3
300 133 4
300 135 4
300 143 4
300 147 3
300 159 4
300 164 3
300 172 4
300 175 4
300 179 4
300 181 4
300 196 4
300 202 3
300 204 4
300 208 4
300 210 3
300 211 4
300 216 4
300 217 2
300 223 4
300 234 4
300 235 3
300 237 4
300 238 4
300 244 4
300 245 4
300 246 4
300 250 4
300 252 3
300 255 2
300 257 2
300 258 3
300 268 4
300 274 4
300 275 4
300 276 4
300 281 3
300 282 4
300 283 4
300 284 2
300 285 4
300 287 3
300 294 3
300 298 4
300 300 2
300 301 3
300 304 4
300 316 5
300 325 2
300 381 3
300 386 4
300 387 4
300 393 3
300 396 3
300 405 3
300 407 2
300 412 2
300 421 3
300 448 3
300 464 5
300 469 5
300 471 2
300 472 4
300 475 5
300 476 2
300 498 4
300 509 4
300 514 5
300 517 4
300 522 4
300 529 4
300 531 4
300 535 2
300 553 3
300 559 3
300 568 3
300 569 3
300 584 4
300 611 3
300 619 4
300 639 3
300 640 4
300 660 4
300 662 5
300 665 3
300 699 4
300 708 4
300 709 4
300 714 4
300 721 3
300 729 3
300 735 3
300 739 3
300 742 3
300 762 4
300 768 5
300 775 4
300 780 3
300 781 4
300 815 4
300 821 3
300 827 3
300 836 3
300 845 3
300 930 3
300 964 3
300 971 4
300 988 2
300 996 2
