201 1 5.0
201 111 5.0
201 283 4.0
201 291 5.0
201 305 5.0
201 361 3.0
201 475 5.0
201 740 5.0
202 259 4.0
202 288 3.0
202 294 3.0
202 682 4.0
202 876 5.0
202 880 2.0
202 887 5.0
202 895 3.0
202 948 5.0
203 7 4.0
203 9 3.0
203 111 4.0
203 118 3.0
203 121 4.0
203 123 4.0
203 127 4.0
203 129 4.0
203 148 4.0
203 181 4.0
203 222 5.0
203 235 3.0
203 240 3.0
203 258 4.0
203 274 4.0
203 276 3.0
203 284 4.0
203 291 4.0
203 370 4.0
203 410 4.0
203 471 4.0
203 472 4.0
203 477 4.0
203 515 4.0
203 546 5.0
203 597 4.0
203 748 4.0
203 845 5.0
203 864 3.0
203 866 4.0
203 925 4.0
203 928 4.0
204 22 4.0
204 66 4.0
204 243 4.0
204 245 4.0
204 258 4.0
204 259 4.0
204 269 4.0
204 270 4.0
204 289 4.0
204 294 4.0
204 300 4.0
204 302 4.0
204 307 4.0
204 310 4.0
204 313 3.0
204 323 4.0
204 327 4.0
204 328 4.0
204 332 3.0
204 333 3.0
204 342 4.0
204 343 3.0
204 348 3.0
204 689 3.0
204 690 4.0
204 748 4.0
204 754 4.0
204 879 4.0
204 892 4.0
204 901 4.0
205 2 4.0
205 5 3.0
205 8 3.0
205 11 4.0
205 12 3.0
205 22 4.0
205 23 4.0
205 28 3.0
205 29 3.0
205 30 3.0
205 31 2.0
205 32 3.0
205 33 3.0
205 37 4.0
205 38 3.0
205 39 2.0
205 41 3.0
205 42 4.0
205 43 2.0
205 45 3.0
205 47 3.0
205 48 2.0
205 49 4.0
205 50 3.0
205 51 3.0
205 52 3.0
205 53 3.0
205 55 3.0
205 56 4.0
205 57 3.0
205 58 3.0
205 60 2.0
205 61 3.0
205 62 4.0
205 63 3.0
205 64 4.0
205 66 3.0
205 67 4.0
205 68 4.0
205 70 2.0
205 71 3.0
205 72 3.0
205 73 2.0
205 75 4.0
205 76 3.0
205 77 3.0
205 78 2.0
205 80 3.0
205 81 3.0
205 82 3.0
205 83 3.0
205 85 4.0
205 87 3.0
205 88 3.0
205 90 3.0
205 91 3.0
205 92 3.0
205 94 3.0
205 96 3.0
205 97 2.0
205 98 2.0
205 101 4.0
205 102 4.0
205 127 4.0
205 132 3.0
205 135 3.0
205 139 3.0
205 141 3.0
205 142 2.0
205 143 3.0
205 149 2.0
205 161 4.0
205 168 3.0
205 169 3.0
205 171 4.0
205 172 4.0
205 173 3.0
205 175 3.0
205 178 3.0
205 179 4.0
205 180 3.0
205 183 3.0
205 184 3.0
205 185 3.0
205 186 3.0
205 188 3.0
205 189 4.0
205 190 4.0
205 192 3.0
205 193 3.0
205 195 3.0
205 197 3.0
205 198 3.0
205 199 3.0
205 200 4.0
205 201 3.0
205 202 4.0
205 204 3.0
205 206 4.0
205 207 4.0
205 208 3.0
205 210 4.0
205 211 4.0
205 212 3.0
205 214 3.0
205 215 3.0
205 216 2.0
205 217 4.0
205 218 4.0
205 219 3.0
205 226 3.0
205 227 3.0
205 228 4.0
205 229 3.0
205 230 3.0
205 231 3.0
205 232 3.0
205 233 4.0
205 234 3.0
205 239 3.0
205 265 4.0
205 288 3.0
205 302 4.0
205 308 4.0
205 317 2.0
205 318 3.0
205 347 3.0
205 350 3.0
205 351 3.0
205 356 3.0
205 361 3.0
205 364 3.0
205 365 3.0
205 366 3.0
205 367 3.0
205 371 3.0
205 374 4.0
205 376 2.0
205 377 2.0
205 379 3.0
205 383 3.0
205 384 4.0
205 386 4.0
205 387 3.0
205 388 3.0
205 391 3.0
205 393 3.0
205 395 3.0
205 396 3.0
205 397 2.0
205 399 3.0
205 400 1.0
205 402 3.0
205 403 4.0
205 404 3.0
205 414 3.0
205 415 4.0
205 416 4.0
205 417 3.0
205 419 3.0
205 420 4.0
205 421 4.0
205 422 4.0
205 423 3.0
205 426 3.0
205 427 4.0
205 430 4.0
205 431 3.0
205 432 4.0
205 433 2.0
205 434 2.0
205 437 2.0
205 438 1.0
205 439 2.0
205 440 4.0
205 441 3.0
205 442 2.0
205 444 3.0
205 446 3.0
205 447 4.0
205 448 3.0
205 449 3.0
205 450 2.0
205 451 3.0
205 452 2.0
205 453 2.0
205 461 3.0
205 462 3.0
205 463 3.0
205 464 3.0
205 465 3.0
205 467 4.0
205 469 3.0
205 470 3.0
205 480 4.0
205 482 3.0
205 501 3.0
205 504 3.0
205 509 3.0
205 510 4.0
205 511 4.0
205 514 3.0
205 515 3.0
205 516 3.0
205 517 3.0
205 518 3.0
205 519 4.0
205 520 4.0
205 521 3.0
205 522 3.0
205 523 3.0
205 524 3.0
205 525 4.0
205 526 4.0
205 527 4.0
205 528 4.0
205 529 3.0
205 530 4.0
205 536 4.0
205 537 4.0
205 540 2.0
205 541 3.0
205 543 3.0
205 545 4.0
205 548 4.0
205 549 3.0
205 551 2.0
205 552 3.0
205 553 3.0
205 554 3.0
205 555 4.0
205 556 3.0
205 557 5.0
205 558 3.0
205 559 3.0
205 560 2.0
205 561 3.0
205 562 3.0
205 563 3.0
205 564 4.0
205 565 4.0
205 566 4.0
205 567 4.0
205 568 3.0
205 569 3.0
205 570 3.0
205 573 3.0
205 574 2.0
205 575 3.0
205 577 3.0
205 578 4.0
205 579 4.0
205 580 2.0
205 581 3.0
205 583 3.0
205 584 2.0
205 585 3.0
205 586 3.0
205 588 2.0
205 592 4.0
205 593 5.0
205 606 4.0
205 622 3.0
205 623 2.0
205 624 3.0
205 625 3.0
205 626 5.0
205 627 3.0
205 639 4.0
205 642 3.0
205 643 4.0
205 644 3.0
205 645 2.0
205 647 4.0
205 648 4.0
205 649 3.0
205 650 4.0
205 651 3.0
205 652 4.0
205 653 3.0
205 654 4.0
205 655 4.0
205 656 4.0
205 659 3.0
205 661 4.0
205 662 4.0
205 664 2.0
205 666 4.0
205 667 4.0
205 669 4.0
205 670 3.0
205 671 3.0
205 673 4.0
205 674 3.0
205 675 3.0
205 679 3.0
205 684 2.0
205 692 3.0
205 694 4.0
205 695 3.0
205 697 4.0
205 699 4.0
205 700 3.0
205 702 3.0
205 707 2.0
205 708 3.0
205 710 3.0
205 712 2.0
205 714 4.0
205 715 3.0
205 716 3.0
205 719 2.0
205 720 3.0
205 721 3.0
205 722 3.0
205 723 3.0
205 726 2.0
205 727 3.0
205 728 3.0
205 729 4.0
205 731 4.0
205 732 3.0
205 734 4.0
205 736 3.0
205 739 3.0
205 745 5.0
205 746 3.0
205 747 4.0
205 753 4.0
205 755 3.0
205 759 2.0
205 761 3.0
205 765 4.0
205 768 3.0
205 769 4.0
205 770 4.0
205 771 2.0
205 772 2.0
205 773 3.0
205 774 1.0
205 775 2.0
205 776 2.0
205 777 2.0
205 778 3.0
205 779 3.0
205 780 3.0
205 782 3.0
205 783 3.0
205 784 1.0
205 785 3.0
205 786 3.0
205 787 2.0
205 788 1.0
205 789 4.0
205 790 3.0
205 791 3.0
205 793 4.0
205 794 3.0
205 795 2.0
205 796 3.0
205 798 2.0
205 802 3.0
205 807 1.0
205 808 3.0
205 810 5.0
205 812 4.0
205 816 4.0
205 842 4.0
205 843 3.0
205 849 2.0
205 851 5.0
205 853 5.0
205 854 4.0
205 855 3.0
205 858 1.0
205 859 2.0
205 860 3.0
205 861 3.0
205 904 4.0
205 921 3.0
205 939 2.0
205 941 3.0
205 943 3.0
205 944 3.0
205 946 3.0
205 947 4.0
205 949 3.0
205 951 3.0
205 953 3.0
205 955 4.0
205 956 3.0
205 957 3.0
205 959 3.0
205 960 3.0
205 964 4.0
205 969 4.0
205 971 3.0
205 994 2.0
205 996 5.0
205 997 2.0
205 999 1.0
206 1 4.0
206 3 4.0
206 4 4.0
206 5 4.0
206 7 4.0
206 8 4.0
206 10 4.0
206 11 4.0
206 12 4.0
206 13 4.0
206 14 4.0
206 15 4.0
206 20 4.0
206 22 4.0
206 24 4.0
206 25 4.0
206 28 4.0
206 32 4.0
206 39 4.0
206 40 4.0
206 42 4.0
206 47 4.0
206 48 4.0
206 50 4.0
206 52 4.0
206 53 4.0
206 58 4.0
206 63 3.0
206 64 4.0
206 69 4.0
206 71 4.0
206 72 4.0
206 79 4.0
206 85 3.0
206 86 4.0
206 87 4.0
206 89 4.0
206 92 4.0
206 93 4.0
206 96 4.0
206 99 4.0
206 115 4.0
206 117 4.0
206 121 4.0
206 123 4.0
206 125 4.0
206 127 4.0
206 129 4.0
206 131 4.0
206 132 4.0
206 133 4.0
206 134 4.0
206 135 4.0
206 136 4.0
206 143 4.0
206 148 4.0
206 151 4.0
206 152 4.0
206 153 4.0
206 156 4.0
206 158 3.0
206 164 4.0
206 168 4.0
206 170 4.0
206 172 4.0
206 173 4.0
206 174 4.0
206 175 4.0
206 179 4.0
206 181 4.0
206 182 4.0
206 183 4.0
206 186 4.0
206 187 4.0
206 188 4.0
206 190 4.0
206 191 4.0
206 194 4.0
206 195 4.0
206 196 4.0
206 198 4.0
206 199 4.0
206 202 4.0
206 203 4.0
206 204 4.0
206 206 4.0
206 209 4.0
206 211 4.0
206 212 4.0
206 213 4.0
206 215 4.0
206 218 4.0
206 219 4.0
206 220 4.0
206 222 4.0
206 228 4.0
206 234 4.0
206 235 4.0
206 237 4.0
206 238 4.0
206 239 4.0
206 240 4.0
206 274 4.0
206 275 4.0
206 276 4.0
206 277 4.0
206 284 4.0
206 289 4.0
206 317 4.0
206 318 4.0
206 357 4.0
206 368 2.0
206 381 4.0
206 396 4.0
206 404 4.0
206 405 4.0
206 410 4.0
206 411 4.0
206 414 4.0
206 418 4.0
206 419 4.0
206 420 4.0
206 421 4.0
206 427 4.0
206 428 4.0
206 429 4.0
206 430 4.0
206 431 4.0
206 434 4.0
206 435 4.0
206 436 4.0
206 443 4.0
206 447 4.0
206 451 4.0
206 452 4.0
206 453 2.0
206 461 4.0
206 463 4.0
206 468 4.0
206 469 4.0
206 474 4.0
206 476 4.0
206 478 4.0
206 479 4.0
206 481 4.0
206 482 4.0
206 485 4.0
206 487 4.0
206 490 4.0
206 496 4.0
206 498 4.0
206 499 4.0
206 501 4.0
206 503 4.0
206 504 4.0
206 505 4.0
206 508 4.0
206 509 4.0
206 511 4.0
206 514 4.0
206 515 4.0
206 517 4.0
206 519 4.0
206 520 4.0
206 523 4.0
206 524 4.0
206 526 4.0
206 527 4.0
206 528 4.0
206 529 4.0
206 543 4.0
206 559 4.0
206 561 4.0
206 573 4.0
206 575 3.0
206 582 4.0
206 588 4.0
206 589 4.0
206 591 4.0
206 596 4.0
206 605 4.0
206 606 4.0
206 607 4.0
206 608 4.0
206 610 4.0
206 611 4.0
206 612 4.0
206 624 4.0
206 632 4.0
206 633 4.0
206 634 4.0
206 638 4.0
206 639 4.0
206 640 4.0
206 641 4.0
206 642 4.0
206 645 4.0
206 647 4.0
206 651 4.0
206 652 4.0
206 655 4.0
206 662 4.0
206 663 4.0
206 664 4.0
206 665 4.0
206 672 4.0
206 675 4.0
206 692 4.0
206 693 4.0
206 699 4.0
206 701 4.0
206 705 4.0
206 712 4.0
206 713 4.0
206 715 4.0
206 727 4.0
206 732 4.0
206 735 4.0
206 737 4.0
206 745 4.0
206 746 4.0
206 747 4.0
206 756 4.0
206 769 2.0
206 772 4.0
206 787 2.0
206 813 4.0
206 823 4.0
206 825 3.0
206 826 4.0
206 831 4.0
206 845 4.0
206 919 4.0
206 923 4.0
206 942 4.0
206 945 4.0
206 960 4.0
206 962 4.0
207 1 4.0
207 2 4.0
207 8 4.0
207 25 4.0
207 28 4.0
207 29 4.0
207 40 4.0
207 45 4.0
207 50 4.0
207 56 4.0
207 62 4.0
207 68 4.0
207 69 4.0
207 70 4.0
207 72 4.0
207 82 4.0
207 88 4.0
207 89 4.0
207 91 4.0
207 96 4.0
207 97 4.0
207 98 4.0
207 99 4.0
207 100 4.0
207 118 4.0
207 123 4.0
207 127 4.0
207 132 4.0
207 135 4.0
207 143 4.0
207 144 4.0
207 147 4.0
207 157 4.0
207 158 4.0
207 159 3.0
207 161 4.0
207 163 4.0
207 172 4.0
207 173 4.0
207 174 4.0
207 177 4.0
207 179 4.0
207 180 4.0
207 181 4.0
207 182 4.0
207 183 4.0
207 185 4.0
207 186 4.0
207 188 4.0
207 193 4.0
207 196 4.0
207 197 4.0
207 200 4.0
207 201 4.0
207 202 4.0
207 203 3.0
207 205 4.0
207 208 4.0
207 209 3.0
207 211 4.0
207 214 4.0
207 215 4.0
207 216 4.0
207 217 4.0
207 218 4.0
207 222 4.0
207 223 4.0
207 226 4.0
207 227 4.0
207 228 4.0
207 229 4.0
207 230 4.0
207 231 4.0
207 232 3.0
207 235 3.0
207 238 4.0
207 239 4.0
207 244 4.0
207 248 4.0
207 249 4.0
207 250 4.0
207 255 4.0
207 257 4.0
207 258 4.0
207 265 4.0
207 269 4.0
207 274 3.0
207 286 4.0
207 289 3.0
207 290 4.0
207 291 4.0
207 313 4.0
207 315 4.0
207 316 4.0
207 345 4.0
207 357 4.0
207 371 3.0
207 382 4.0
207 385 4.0
207 393 4.0
207 399 4.0
207 400 1.0
207 403 4.0
207 405 4.0
207 416 4.0
207 418 4.0
207 423 3.0
207 427 4.0
207 428 4.0
207 432 4.0
207 433 4.0
207 436 4.0
207 447 4.0
207 448 4.0
207 449 4.0
207 455 4.0
207 466 4.0
207 476 3.0
207 478 4.0
207 479 3.0
207 483 4.0
207 484 4.0
207 493 4.0
207 496 4.0
207 502 4.0
207 508 4.0
207 510 4.0
207 514 4.0
207 521 4.0
207 525 4.0
207 559 4.0
207 561 4.0
207 565 4.0
207 603 4.0
207 616 4.0
207 629 4.0
207 635 3.0
207 642 3.0
207 648 4.0
207 655 4.0
207 656 4.0
207 657 4.0
207 660 4.0
207 675 4.0
207 684 4.0
207 705 3.0
207 710 4.0
207 712 4.0
207 715 4.0
207 729 4.0
207 732 3.0
207 746 4.0
207 755 4.0
207 756 4.0
207 785 4.0
207 844 4.0
207 859 5.0
207 869 4.0
207 879 4.0
207 949 4.0
207 969 4.0
207 972 4.0
207 993 4.0
208 258 4.0
208 270 4.0
208 271 3.0
208 286 4.0
208 288 4.0
208 294 4.0
208 300 4.0
208 312 3.0
208 313 5.0
208 319 4.0
208 324 4.0
208 358 5.0
208 539 4.0
208 683 4.0
208 689 3.0
209 6 4.0
209 8 4.0
209 9 4.0
209 14 4.0
209 22 4.0
209 23 4.0
209 28 4.0
209 30 4.0
209 48 4.0
209 50 4.0
209 58 4.0
209 59 4.0
209 60 4.0
209 65 4.0
209 87 4.0
209 89 4.0
209 97 4.0
209 98 4.0
209 99 4.0
209 100 4.0
209 133 4.0
209 135 4.0
209 154 4.0
209 156 4.0
209 162 4.0
209 166 4.0
209 170 4.0
209 172 4.0
209 173 4.0
209 175 4.0
209 179 4.0
209 181 4.0
209 186 4.0
209 187 4.0
209 191 4.0
209 192 4.0
209 195 4.0
209 197 4.0
209 199 4.0
209 200 4.0
209 201 4.0
209 202 4.0
209 203 4.0
209 204 4.0
209 205 4.0
209 207 4.0
209 209 4.0
209 210 4.0
209 213 4.0
209 214 4.0
209 216 4.0
209 223 4.0
209 264 4.0
209 266 4.0
209 270 4.0
209 275 4.0
209 276 4.0
209 283 4.0
209 285 4.0
209 286 4.0
209 288 4.0
209 300 4.0
209 303 4.0
209 318 4.0
209 321 4.0
209 322 4.0
209 325 4.0
209 327 4.0
209 339 4.0
209 343 4.0
209 357 4.0
209 367 4.0
209 381 4.0
209 382 4.0
209 404 4.0
209 427 4.0
209 428 4.0
209 429 4.0
209 430 4.0
209 433 4.0
209 435 4.0
209 461 4.0
209 474 4.0
209 478 4.0
209 479 4.0
209 480 4.0
209 481 4.0
209 482 4.0
209 483 4.0
209 484 4.0
209 485 4.0
209 486 4.0
209 489 4.0
209 491 4.0
209 493 4.0
209 496 4.0
209 497 4.0
209 498 4.0
209 504 4.0
209 505 4.0
209 514 4.0
209 516 4.0
209 518 4.0
209 520 4.0
209 523 4.0
209 526 4.0
209 527 4.0
209 528 4.0
209 530 4.0
209 604 4.0
209 606 4.0
209 607 4.0
209 608 4.0
209 609 4.0
209 615 4.0
209 618 4.0
209 631 4.0
209 633 4.0
209 647 4.0
209 654 4.0
209 659 4.0
209 661 4.0
209 664 4.0
209 676 4.0
209 680 4.0
209 684 4.0
209 708 4.0
209 709 4.0
209 714 4.0
209 733 5.0
209 749 3.0
209 855 4.0
209 877 4.0
209 879 4.0
209 937 4.0
209 945 4.0
209 965 4.0
209 995 4.0
210 286 4.0
210 289 3.0
210 300 3.0
210 312 4.0
210 313 3.0
210 315 3.0
210 316 3.0
210 328 4.0
210 340 4.0
210 347 3.0
210 354 3.0
210 538 2.0
210 690 3.0
210 748 3.0
210 754 4.0
210 873 4.0
210 882 3.0
210 886 4.0
210 905 4.0
211 1 4.0
211 4 4.0
211 9 4.0
211 22 4.0
211 28 4.0
211 50 4.0
211 56 4.0
211 58 4.0
211 73 4.0
211 88 4.0
211 117 4.0
211 161 4.0
211 168 4.0
211 172 4.0
211 181 4.0
211 182 4.0
211 186 4.0
211 195 3.0
211 196 4.0
211 208 4.0
211 209 4.0
211 210 4.0
211 222 4.0
211 227 4.0
211 228 4.0
211 229 4.0
211 230 4.0
211 265 4.0
211 304 4.0
211 405 4.0
211 435 4.0
211 449 4.0
211 451 4.0
211 485 4.0
211 566 4.0
211 568 4.0
211 651 4.0
211 655 4.0
211 709 4.0
211 720 4.0
211 732 4.0
211 770 4.0
212 4 4.0
212 7 4.0
212 23 4.0
212 24 4.0
212 28 4.0
212 56 4.0
212 64 4.0
212 81 4.0
212 92 4.0
212 96 4.0
212 114 4.0
212 117 4.0
212 135 4.0
212 150 4.0
212 154 4.0
212 172 4.0
212 173 4.0
212 175 4.0
212 182 4.0
212 186 4.0
212 193 4.0
212 202 5.0
212 206 4.0
212 211 4.0
212 218 4.0
212 318 4.0
212 340 4.0
212 357 4.0
212 408 4.0
212 436 4.0
212 480 4.0
212 487 4.0
212 526 4.0
212 634 4.0
212 651 4.0
212 684 4.0
212 724 4.0
213 7 4.0
213 9 4.0
213 14 4.0
213 50 4.0
213 124 4.0
213 147 4.0
213 181 4.0
213 222 4.0
213 236 4.0
213 245 4.0
213 250 4.0
213 255 4.0
213 257 4.0
213 258 4.0
213 260 4.0
213 270 4.0
213 275 4.0
213 286 4.0
213 297 4.0
213 300 4.0
213 301 4.0
213 302 4.0
213 303 4.0
213 306 4.0
213 326 4.0
213 328 4.0
213 332 4.0
213 471 4.0
213 508 4.0
213 628 4.0
213 690 4.0
213 877 4.0
214 258 5.0
214 260 5.0
214 264 4.0
214 294 5.0
214 300 5.0
214 301 5.0
214 310 5.0
214 325 4.0
214 343 5.0
214 346 4.0
214 678 4.0
214 748 5.0
215 56 4.0
215 154 4.0
215 195 4.0
215 243 4.0
215 269 4.0
215 322 4.0
215 323 4.0
215 328 4.0
215 479 4.0
215 480 4.0
215 531 4.0
215 748 4.0
216 1 4.0
216 2 4.0
216 7 3.0
216 8 5.0
216 9 4.0
216 10 3.0
216 11 4.0
216 12 4.0
216 13 4.0
216 14 4.0
216 21 4.0
216 22 4.0
216 24 4.0
216 25 4.0
216 27 4.0
216 28 4.0
216 29 4.0
216 31 4.0
216 32 4.0
216 36 4.0
216 38 3.0
216 41 4.0
216 42 4.0
216 43 3.0
216 44 4.0
216 49 4.0
216 50 4.0
216 51 4.0
216 53 4.0
216 54 4.0
216 56 4.0
216 58 4.0
216 64 4.0
216 65 4.0
216 66 4.0
216 67 4.0
216 69 4.0
216 70 4.0
216 71 4.0
216 73 4.0
216 77 5.0
216 81 4.0
216 82 4.0
216 83 4.0
216 85 3.0
216 86 4.0
216 87 4.0
216 88 4.0
216 90 4.0
216 92 3.0
216 93 5.0
216 94 4.0
216 97 4.0
216 98 3.0
216 105 3.0
216 106 4.0
216 107 4.0
216 117 4.0
216 121 4.0
216 123 4.0
216 125 4.0
216 126 4.0
216 127 4.0
216 132 4.0
216 133 3.0
216 134 4.0
216 136 4.0
216 137 4.0
216 140 4.0
216 142 4.0
216 143 4.0
216 144 4.0
216 148 4.0
216 154 4.0
216 155 4.0
216 156 4.0
216 157 4.0
216 158 3.0
216 159 4.0
216 168 4.0
216 172 4.0
216 174 4.0
216 176 4.0
216 178 4.0
216 181 4.0
216 182 4.0
216 183 4.0
216 185 4.0
216 187 4.0
216 191 4.0
216 194 4.0
216 195 4.0
216 196 4.0
216 197 4.0
216 199 4.0
216 200 4.0
216 202 4.0
216 203 4.0
216 204 4.0
216 209 3.0
216 210 4.0
216 211 5.0
216 213 4.0
216 215 4.0
216 216 4.0
216 217 4.0
216 219 4.0
216 220 3.0
216 225 4.0
216 226 4.0
216 230 4.0
216 234 4.0
216 237 4.0
216 238 4.0
216 239 4.0
216 240 4.0
216 241 4.0
216 242 5.0
216 245 4.0
216 246 4.0
216 249 4.0
216 250 4.0
216 251 5.0
216 252 4.0
216 253 4.0
216 254 5.0
216 257 4.0
216 258 4.0
216 259 3.0
216 264 5.0
216 266 3.0
216 268 4.0
216 272 4.0
216 274 4.0
216 275 4.0
216 276 4.0
216 277 3.0
216 281 4.0
216 283 4.0
216 284 4.0
216 285 4.0
216 286 3.0
216 287 3.0
216 288 4.0
216 289 4.0
216 294 4.0
216 295 4.0
216 297 4.0
216 298 4.0
216 301 4.0
216 304 4.0
216 307 3.0
216 312 4.0
216 313 4.0
216 315 4.0
216 316 5.0
216 317 4.0
216 318 4.0
216 319 4.0
216 322 3.0
216 323 4.0
216 326 4.0
216 327 5.0
216 328 4.0
216 329 4.0
216 331 4.0
216 332 3.0
216 333 4.0
216 338 4.0
216 339 3.0
216 346 4.0
216 347 4.0
216 348 3.0
216 354 4.0
216 356 4.0
216 357 4.0
216 364 3.0
216 366 3.0
216 367 4.0
216 369 4.0
216 375 2.0
216 378 4.0
216 385 4.0
216 388 3.0
216 393 5.0
216 395 3.0
216 396 3.0
216 399 3.0
216 401 3.0
216 402 4.0
216 403 4.0
216 404 3.0
216 405 4.0
216 411 4.0
216 412 4.0
216 416 4.0
216 417 4.0
216 418 3.0
216 419 4.0
216 423 4.0
216 425 5.0
216 427 4.0
216 431 4.0
216 432 3.0
216 433 4.0
216 443 3.0
216 448 4.0
216 451 4.0
216 452 4.0
216 462 4.0
216 463 4.0
216 468 3.0
216 469 4.0
216 471 4.0
216 472 4.0
216 473 3.0
216 475 4.0
216 476 4.0
216 479 4.0
216 480 4.0
216 496 4.0
216 498 4.0
216 500 4.0
216 501 4.0
216 506 4.0
216 509 4.0
216 515 4.0
216 526 5.0
216 531 4.0
216 532 3.0
216 538 3.0
216 546 4.0
216 549 4.0
216 553 4.0
216 554 4.0
216 559 4.0
216 560 4.0
216 564 4.0
216 568 4.0
216 576 4.0
216 578 4.0
216 585 5.0
216 588 4.0
216 591 4.0
216 592 4.0
216 607 4.0
216 614 4.0
216 619 4.0
216 625 4.0
216 627 3.0
216 628 4.0
216 633 4.0
216 651 4.0
216 652 4.0
216 657 4.0
216 658 4.0
216 660 4.0
216 662 4.0
216 676 3.0
216 678 3.0
216 682 4.0
216 684 4.0
216 685 4.0
216 686 4.0
216 689 4.0
216 690 4.0
216 692 4.0
216 693 4.0
216 696 4.0
216 699 4.0
216 707 4.0
216 708 4.0
216 710 5.0
216 712 4.0
216 713 4.0
216 717 3.0
216 720 3.0
216 721 4.0
216 723 4.0
216 724 4.0
216 729 4.0
216 734 3.0
216 735 4.0
216 737 3.0
216 738 3.0
216 739 4.0
216 746 4.0
216 747 4.0
216 748 4.0
216 750 4.0
216 754 4.0
216 755 4.0
216 761 4.0
216 762 3.0
216 763 4.0
216 768 4.0
216 770 3.0
216 775 4.0
216 778 4.0
216 781 4.0
216 783 4.0
216 785 4.0
216 790 4.0
216 792 4.0
216 794 3.0
216 795 4.0
216 803 3.0
216 807 1.0
216 812 4.0
216 815 4.0
216 819 2.0
216 821 3.0
216 824 3.0
216 833 4.0
216 834 4.0
216 840 4.0
216 842 4.0
216 843 4.0
216 845 4.0
216 849 3.0
216 864 4.0
216 865 5.0
216 866 4.0
216 873 4.0
216 874 4.0
216 879 5.0
216 895 3.0
216 915 5.0
216 916 3.0
216 917 4.0
216 918 4.0
216 928 4.0
216 929 4.0
216 930 3.0
216 931 4.0
216 934 3.0
216 936 4.0
216 937 5.0
216 938 2.0
216 941 4.0
216 955 5.0
216 959 4.0
216 966 4.0
216 972 4.0
216 975 3.0
216 980 3.0
216 985 4.0
216 990 3.0
216 997 4.0
217 1 4.0
217 3 3.0
217 5 3.0
217 7 4.0
217 11 4.0
217 12 4.0
217 13 3.0
217 15 3.0
217 16 3.0
217 17 3.0
217 20 4.0
217 23 4.0
217 24 3.0
217 27 3.0
217 29 3.0
217 32 4.0
217 39 4.0
217 42 3.0
217 44 3.0
217 47 3.0
217 50 3.0
217 51 3.0
217 55 3.0
217 56 4.0
217 58 3.0
217 62 3.0
217 63 4.0
217 64 4.0
217 65 3.0
217 67 3.0
217 68 4.0
217 69 4.0
217 70 3.0
217 72 3.0
217 73 3.0
217 77 4.0
217 78 4.0
217 79 3.0
217 80 3.0
217 81 4.0
217 82 3.0
217 83 4.0
217 89 4.0
217 91 4.0
217 95 3.0
217 96 3.0
217 97 3.0
217 98 4.0
217 99 4.0
217 100 3.0
217 101 4.0
217 106 3.0
217 109 4.0
217 118 3.0
217 120 3.0
217 123 3.0
217 125 3.0
217 127 4.0
217 131 3.0
217 132 4.0
217 135 4.0
217 139 3.0
217 142 3.0
217 144 3.0
217 145 3.0
217 147 3.0
217 154 4.0
217 157 4.0
217 159 4.0
217 162 4.0
217 164 3.0
217 167 3.0
217 169 4.0
217 171 4.0
217 172 4.0
217 173 4.0
217 174 3.0
217 176 4.0
217 178 4.0
217 179 4.0
217 181 4.0
217 183 4.0
217 184 3.0
217 186 4.0
217 190 4.0
217 195 3.0
217 196 3.0
217 198 4.0
217 200 4.0
217 201 3.0
217 202 4.0
217 206 4.0
217 207 4.0
217 208 3.0
217 211 3.0
217 214 4.0
217 216 3.0
217 217 4.0
217 218 3.0
217 219 4.0
217 222 3.0
217 223 4.0
217 226 3.0
217 228 3.0
217 232 3.0
217 234 3.0
217 235 3.0
217 242 4.0
217 245 3.0
217 246 4.0
217 248 3.0
217 250 4.0
217 255 4.0
217 257 4.0
217 258 4.0
217 260 3.0
217 264 3.0
217 265 3.0
217 270 3.0
217 273 3.0
217 286 4.0
217 288 3.0
217 290 3.0
217 293 4.0
217 294 3.0
217 298 3.0
217 323 3.0
217 324 4.0
217 325 3.0
217 326 4.0
217 340 4.0
217 357 4.0
217 358 3.0
217 364 3.0
217 367 3.0
217 373 3.0
217 380 3.0
217 382 4.0
217 384 3.0
217 385 3.0
217 386 3.0
217 388 2.0
217 391 3.0
217 392 3.0
217 393 4.0
217 395 3.0
217 396 3.0
217 399 3.0
217 402 3.0
217 403 4.0
217 404 4.0
217 413 3.0
217 419 4.0
217 420 4.0
217 422 4.0
217 423 3.0
217 425 3.0
217 428 4.0
217 431 3.0
217 433 3.0
217 436 3.0
217 441 3.0
217 444 3.0
217 447 4.0
217 449 3.0
217 451 4.0
217 452 3.0
217 461 4.0
217 465 3.0
217 472 4.0
217 474 3.0
217 475 3.0
217 483 4.0
217 484 4.0
217 485 4.0
217 498 3.0
217 501 4.0
217 508 3.0
217 513 4.0
217 518 3.0
217 541 3.0
217 544 4.0
217 545 4.0
217 546 3.0
217 550 3.0
217 551 3.0
217 552 4.0
217 555 4.0
217 559 3.0
217 561 3.0
217 562 4.0
217 563 3.0
217 574 3.0
217 578 4.0
217 579 4.0
217 582 3.0
217 588 3.0
217 596 3.0
217 597 3.0
217 614 4.0
217 616 4.0
217 625 4.0
217 628 4.0
217 631 3.0
217 636 3.0
217 638 4.0
217 640 3.0
217 642 3.0
217 655 4.0
217 658 3.0
217 665 3.0
217 668 3.0
217 669 4.0
217 674 4.0
217 679 4.0
217 684 3.0
217 685 4.0
217 692 3.0
217 708 3.0
217 709 4.0
217 710 4.0
217 715 4.0
217 723 3.0
217 725 3.0
217 727 4.0
217 728 3.0
217 732 4.0
217 742 3.0
217 746 4.0
217 747 3.0
217 748 3.0
217 758 3.0
217 762 3.0
217 764 3.0
217 765 3.0
217 767 5.0
217 769 3.0
217 774 3.0
217 778 3.0
217 781 3.0
217 783 3.0
217 792 4.0
217 796 3.0
217 797 3.0
217 800 3.0
217 804 2.0
217 809 3.0
217 810 4.0
217 815 3.0
217 825 3.0
217 827 3.0
217 831 3.0
217 849 3.0
217 855 4.0
217 871 3.0
217 895 3.0
217 923 3.0
217 928 3.0
217 940 3.0
217 943 3.0
217 944 3.0
217 946 3.0
217 963 4.0
217 979 4.0
217 999 4.0
217 1000 3.0
218 269 3.0
218 302 3.0
218 304 3.0
218 315 2.0
218 328 4.0
218 331 3.0
218 333 3.0
218 344 5.0
218 346 4.0
218 362 3.0
218 750 3.0
218 895 2.0
218 899 3.0
219 14 5.0
219 79 5.0
219 89 5.0
219 100 5.0
219 134 5.0
219 173 5.0
219 181 5.0
219 223 5.0
219 257 5.0
219 275 5.0
219 286 5.0
219 306 5.0
219 405 5.0
219 478 5.0
219 488 5.0
219 514 5.0
220 19 4.0
220 86 5.0
220 100 4.0
220 116 4.0
220 137 4.0
220 251 4.0
220 275 4.0
220 301 4.0
220 302 4.0
220 319 3.0
220 331 4.0
220 408 4.0
220 478 4.0
220 484 3.0
220 508 4.0
220 513 4.0
220 603 4.0
220 750 4.0
220 753 5.0
221 4 5.0
221 7 4.0
221 11 4.0
221 12 4.0
221 50 5.0
221 56 5.0
221 82 4.0
221 87 4.0
221 96 4.0
221 100 4.0
221 117 4.0
221 124 5.0
221 127 5.0
221 129 4.0
221 144 4.0
221 156 4.0
221 164 4.0
221 174 5.0
221 175 4.0
221 176 4.0
221 182 4.0
221 183 5.0
221 185 4.0
221 187 4.0
221 194 4.0
221 200 4.0
221 213 5.0
221 218 4.0
221 234 4.0
221 238 4.0
221 302 4.0
221 333 5.0
221 443 4.0
221 448 4.0
221 466 4.0
221 516 4.0
221 517 5.0
221 603 4.0
221 653 4.0
221 657 4.0
221 672 4.0
221 709 4.0
221 879 4.0
221 914 4.0
221 915 5.0
222 1 3.0
222 5 2.0
222 15 3.0
222 50 4.0
222 53 4.0
222 93 5.0
222 98 4.0
222 100 3.0
222 109 3.0
222 117 5.0
222 124 3.0
222 126 3.0
222 127 2.0
222 129 4.0
222 137 3.0
222 151 4.0
222 181 3.0
222 184 3.0
222 200 4.0
222 201 4.0
222 217 3.0
222 219 4.0
222 222 4.0
222 235 2.0
222 250 4.0
222 257 3.0
222 258 4.0
222 260 4.0
222 270 4.0
222 275 3.0
222 276 3.0
222 286 4.0
222 287 3.0
222 288 4.0
222 293 2.0
222 294 4.0
222 299 3.0
222 307 2.0
222 324 3.0
222 325 3.0
222 326 3.0
222 327 4.0
222 334 3.0
222 358 3.0
222 370 2.0
222 379 3.0
222 396 2.0
222 410 3.0
222 436 4.0
222 447 4.0
222 448 4.0
222 452 3.0
222 458 4.0
222 475 3.0
222 477 3.0
222 515 5.0
222 551 3.0
222 558 3.0
222 559 2.0
222 561 2.0
222 590 5.0
222 665 4.0
222 670 3.0
222 671 5.0
222 672 3.0
222 682 5.0
222 919 4.0
222 922 5.0
222 926 2.0
223 15 4.0
223 127 4.0
223 148 4.0
223 237 3.0
223 245 3.0
223 258 4.0
223 269 4.0
223 272 4.0
223 276 4.0
223 282 4.0
223 286 2.0
223 299 4.0
223 300 5.0
223 302 4.0
223 304 3.0
223 307 3.0
223 310 5.0
223 313 4.0
223 315 3.0
223 322 4.0
223 323 2.0
223 326 2.0
223 327 3.0
223 328 3.0
223 329 3.0
223 333 4.0
223 340 3.0
223 344 5.0
223 347 3.0
223 348 5.0
223 355 2.0
223 471 4.0
223 546 3.0
223 591 4.0
223 628 5.0
223 678 2.0
223 689 4.0
223 690 4.0
223 696 3.0
223 744 2.0
223 748 2.0
223 751 4.0
223 754 2.0
223 823 3.0
223 879 4.0
223 898 3.0
224 1 4.0
224 9 4.0
224 15 4.0
224 25 4.0
224 50 4.0
224 115 4.0
224 127 4.0
224 151 4.0
224 172 5.0
224 243 4.0
224 261 3.0
224 275 4.0
224 288 4.0
224 294 5.0
224 310 4.0
224 323 4.0
224 333 4.0
224 427 4.0
224 435 4.0
224 508 4.0
224 538 4.0
224 689 4.0
224 740 4.0
224 882 3.0
224 989 4.0
225 1 4.0
225 2 4.0
225 7 3.0
225 17 3.0
225 22 4.0
225 24 3.0
225 32 4.0
225 39 3.0
225 53 4.0
225 55 3.0
225 56 4.0
225 62 4.0
225 68 3.0
225 79 3.0
225 82 3.0
225 83 3.0
225 98 4.0
225 100 4.0
225 117 3.0
225 118 4.0
225 121 3.0
225 124 4.0
225 127 4.0
225 144 4.0
225 145 3.0
225 147 3.0
225 156 3.0
225 171 4.0
225 172 4.0
225 174 3.0
225 176 4.0
225 177 3.0
225 178 4.0
225 180 3.0
225 183 3.0
225 185 3.0
225 187 4.0
225 188 4.0
225 191 4.0
225 195 4.0
225 198 4.0
225 200 3.0
225 201 4.0
225 204 4.0
225 207 4.0
225 209 3.0
225 210 4.0
225 218 3.0
225 219 4.0
225 222 3.0
225 227 3.0
225 229 3.0
225 230 3.0
225 231 3.0
225 232 3.0
225 234 3.0
225 241 3.0
225 244 3.0
225 252 3.0
225 257 3.0
225 259 3.0
225 271 4.0
225 272 4.0
225 273 3.0
225 281 3.0
225 286 3.0
225 288 3.0
225 289 3.0
225 298 3.0
225 302 4.0
225 305 4.0
225 307 4.0
225 310 4.0
225 313 4.0
225 316 3.0
225 318 4.0
225 322 3.0
225 323 3.0
225 324 4.0
225 325 4.0
225 327 3.0
225 333 3.0
225 338 4.0
225 340 3.0
225 343 3.0
225 346 4.0
225 355 3.0
225 357 4.0
225 358 3.0
225 362 4.0
225 363 3.0
225 379 3.0
225 385 3.0
225 398 4.0
225 424 2.0
225 429 4.0
225 445 2.0
225 447 3.0
225 448 3.0
225 452 3.0
225 474 4.0
225 475 4.0
225 491 4.0
225 515 3.0
225 520 4.0
225 522 3.0
225 529 4.0
225 538 3.0
225 550 3.0
225 562 3.0
225 566 4.0
225 573 3.0
225 576 4.0
225 583 3.0
225 590 2.0
225 597 4.0
225 636 3.0
225 669 4.0
225 670 2.0
225 675 3.0
225 678 3.0
225 679 4.0
225 686 4.0
225 689 3.0
225 690 3.0
225 748 3.0
225 750 4.0
225 751 4.0
225 759 2.0
225 823 3.0
225 825 3.0
225 831 3.0
225 841 3.0
225 853 5.0
225 877 3.0
225 879 4.0
225 895 3.0
225 912 3.0
225 943 3.0
225 976 2.0
226 23 4.0
226 50 4.0
226 98 3.0
226 99 3.0
226 132 4.0
226 133 4.0
226 134 4.0
226 135 4.0
226 168 3.0
226 174 4.0
226 178 4.0
226 182 4.0
226 185 3.0
226 191 3.0
226 194 4.0
226 196 3.0
226 197 4.0
226 199 3.0
226 200 4.0
226 208 3.0
226 211 4.0
226 318 3.0
226 332 4.0
226 418 4.0
226 428 3.0
226 429 4.0
226 430 4.0
226 435 3.0
226 474 4.0
226 478 3.0
226 480 4.0
226 483 4.0
226 486 4.0
226 488 4.0
226 490 4.0
226 491 4.0
226 492 4.0
226 493 3.0
226 494 4.0
226 504 4.0
226 505 4.0
226 510 4.0
226 511 4.0
226 524 3.0
226 525 4.0
226 526 4.0
226 601 4.0
226 603 4.0
226 605 3.0
226 606 4.0
226 608 4.0
226 610 4.0
226 613 3.0
226 614 3.0
226 616 3.0
226 631 4.0
226 633 4.0
226 646 3.0
226 648 4.0
226 651 4.0
226 653 4.0
226 654 4.0
226 655 3.0
226 657 4.0
226 673 4.0
226 705 4.0
226 754 3.0
226 835 3.0
226 836 4.0
226 848 5.0
227 245 4.0
227 263 4.0
227 292 4.0
227 300 4.0
227 302 4.0
227 303 4.0
227 304 5.0
227 328 5.0
227 359 4.0
227 680 4.0
227 681 4.0
227 682 4.0
227 688 5.0
227 874 4.0
227 937 4.0
227 938 4.0
227 989 5.0
227 990 4.0
228 243 3.0
228 259 4.0
228 272 4.0
228 286 4.0
228 289 4.0
228 294 3.0
228 300 4.0
228 301 4.0
228 305 3.0
228 307 3.0
228 312 4.0
228 316 3.0
228 322 3.0
228 323 3.0
228 326 4.0
228 329 5.0
228 331 5.0
228 332 4.0
228 334 3.0
228 338 3.0
228 340 3.0
228 343 3.0
228 344 4.0
228 347 4.0
228 350 4.0
228 690 4.0
228 750 4.0
228 875 5.0
228 877 4.0
228 879 4.0
228 886 4.0
228 896 4.0
228 988 3.0
229 1 3.0
229 2 3.0
229 3 3.0
229 4 2.0
229 7 3.0
229 8 3.0
229 12 3.0
229 15 3.0
229 21 4.0
229 22 3.0
229 23 3.0
229 24 3.0
229 26 4.0
229 28 3.0
229 31 3.0
229 32 3.0
229 45 3.0
229 48 4.0
229 50 3.0
229 52 3.0
229 53 3.0
229 55 3.0
229 56 3.0
229 58 3.0
229 62 3.0
229 63 3.0
229 64 3.0
229 66 3.0
229 68 3.0
229 69 3.0
229 70 3.0
229 72 3.0
229 73 2.0
229 77 3.0
229 79 3.0
229 81 3.0
229 82 3.0
229 83 3.0
229 85 2.0
229 86 4.0
229 87 2.0
229 88 3.0
229 89 3.0
229 90 3.0
229 91 3.0
229 92 3.0
229 93 3.0
229 95 3.0
229 96 3.0
229 97 3.0
229 101 3.0
229 109 3.0
229 114 3.0
229 117 3.0
229 118 2.0
229 123 2.0
229 124 3.0
229 127 4.0
229 128 3.0
229 132 4.0
229 133 3.0
229 134 3.0
229 137 3.0
229 140 3.0
229 141 3.0
229 143 3.0
229 144 3.0
229 150 3.0
229 151 2.0
229 154 3.0
229 157 3.0
229 159 3.0
229 161 3.0
229 162 3.0
229 163 4.0
229 164 3.0
229 165 4.0
229 166 3.0
229 168 3.0
229 170 3.0
229 172 3.0
229 174 3.0
229 178 3.0
229 179 3.0
229 181 3.0
229 183 3.0
229 184 3.0
229 185 4.0
229 186 3.0
229 188 3.0
229 190 3.0
229 191 3.0
229 193 3.0
229 195 3.0
229 197 2.0
229 201 3.0
229 202 3.0
229 203 3.0
229 207 3.0
229 208 3.0
229 209 3.0
229 210 4.0
229 211 3.0
229 214 4.0
229 216 3.0
229 218 3.0
229 219 3.0
229 223 3.0
229 225 3.0
229 229 3.0
229 232 3.0
229 233 3.0
229 237 3.0
229 238 3.0
229 248 3.0
229 249 2.0
229 250 3.0
229 258 3.0
229 264 3.0
229 265 3.0
229 273 3.0
229 274 3.0
229 275 3.0
229 276 3.0
229 277 3.0
229 280 3.0
229 281 3.0
229 282 3.0
229 283 3.0
229 288 2.0
229 290 3.0
229 291 3.0
229 298 3.0
229 301 3.0
229 318 3.0
229 319 2.0
229 321 3.0
229 338 3.0
229 340 3.0
229 356 3.0
229 365 3.0
229 366 3.0
229 367 2.0
229 371 4.0
229 378 3.0
229 382 3.0
229 385 3.0
229 387 4.0
229 392 3.0
229 393 4.0
229 403 3.0
229 404 3.0
229 405 2.0
229 410 3.0
229 411 3.0
229 415 2.0
229 418 3.0
229 419 4.0
229 423 3.0
229 427 3.0
229 428 3.0
229 430 3.0
229 431 3.0
229 432 3.0
229 435 3.0
229 436 3.0
229 441 3.0
229 448 3.0
229 455 3.0
229 457 3.0
229 464 4.0
229 466 3.0
229 467 2.0
229 468 4.0
229 470 3.0
229 473 3.0
229 475 2.0
229 480 3.0
229 481 4.0
229 482 3.0
229 483 3.0
229 484 3.0
229 485 4.0
229 491 3.0
229 493 3.0
229 495 4.0
229 496 3.0
229 499 3.0
229 500 4.0
229 502 2.0
229 504 3.0
229 505 2.0
229 508 3.0
229 511 3.0
229 514 3.0
229 520 2.0
229 527 3.0
229 531 4.0
229 535 2.0
229 537 4.0
229 546 3.0
229 549 3.0
229 550 3.0
229 559 2.0
229 566 3.0
229 568 3.0
229 569 3.0
229 570 3.0
229 578 3.0
229 581 3.0
229 584 2.0
229 591 4.0
229 602 3.0
229 603 3.0
229 611 3.0
229 625 4.0
229 627 4.0
229 628 4.0
229 629 3.0
229 631 3.0
229 633 3.0
229 635 3.0
229 636 3.0
229 640 3.0
229 642 3.0
229 652 3.0
229 654 3.0
229 655 3.0
229 658 3.0
229 662 4.0
229 665 3.0
229 671 2.0
229 672 3.0
229 673 4.0
229 679 3.0
229 684 3.0
229 686 3.0
229 692 4.0
229 693 3.0
229 700 3.0
229 702 4.0
229 705 3.0
229 708 4.0
229 709 2.0
229 710 2.0
229 726 3.0
229 729 3.0
229 732 3.0
229 735 3.0
229 742 3.0
229 744 3.0
229 747 3.0
229 755 4.0
229 756 3.0
229 761 4.0
229 762 2.0
229 763 3.0
229 768 3.0
229 780 3.0
229 794 2.0
229 804 2.0
229 805 3.0
229 820 3.0
229 826 3.0
229 833 2.0
229 845 3.0
229 847 2.0
229 921 3.0
229 941 4.0
229 944 3.0
229 961 3.0
229 967 3.0
229 972 3.0
230 9 4.0
230 10 3.0
230 12 4.0
230 19 4.0
230 42 4.0
230 50 3.0
230 56 4.0
230 98 3.0
230 100 3.0
230 101 3.0
230 117 3.0
230 124 4.0
230 129 3.0
230 137 4.0
230 148 4.0
230 152 4.0
230 165 4.0
230 181 4.0
230 221 4.0
230 222 4.0
230 237 4.0
230 248 4.0
230 253 4.0
230 258 4.0
230 264 4.0
230 273 4.0
230 276 3.0
230 286 4.0
230 288 4.0
230 293 4.0
230 294 3.0
230 318 3.0
230 328 4.0
230 462 3.0
230 514 3.0
230 515 4.0
230 527 4.0
230 528 4.0
230 547 4.0
230 628 3.0
230 656 4.0
230 674 4.0
230 744 4.0
231 245 3.0
231 286 3.0
231 302 3.0
231 322 4.0
231 323 3.0
231 327 3.0
231 358 3.0
231 689 4.0
231 748 4.0
231 879 3.0
231 988 4.0
232 1 3.0
232 3 4.0
232 7 2.0
232 50 3.0
232 93 3.0
232 100 3.0
232 108 2.0
232 109 3.0
232 111 2.0
232 117 2.0
232 118 2.0
232 121 3.0
232 123 3.0
232 150 2.0
232 151 3.0
232 181 3.0
232 222 3.0
232 237 3.0
232 248 3.0
232 249 3.0
232 250 3.0
232 257 3.0
232 258 3.0
232 284 4.0
232 294 3.0
232 300 3.0
232 315 4.0
232 322 2.0
232 405 2.0
232 410 3.0
232 411 2.0
232 471 4.0
232 508 3.0
232 546 3.0
232 620 4.0
232 628 3.0
232 678 2.0
232 742 3.0
232 763 3.0
232 815 3.0
232 844 2.0
232 845 3.0
232 864 3.0
232 871 3.0
233 50 3.0
233 59 4.0
233 60 4.0
233 95 4.0
233 173 5.0
233 174 5.0
233 246 4.0
233 268 3.0
233 269 3.0
233 273 4.0
233 276 4.0
233 293 5.0
233 294 4.0
233 302 4.0
233 323 3.0
233 325 4.0
233 326 4.0
233 333 4.0
233 358 3.0
233 435 3.0
233 474 5.0
233 507 5.0
233 657 4.0
233 682 3.0
233 690 4.0
233 748 3.0
233 754 5.0
233 919 3.0
234 7 4.0
234 9 4.0
234 111 5.0
234 125 4.0
234 147 4.0
234 148 5.0
234 220 4.0
234 225 5.0
234 237 4.0
234 274 4.0
234 275 5.0
234 283 5.0
234 288 4.0
234 347 5.0
234 406 4.0
234 471 4.0
234 476 4.0
234 477 4.0
234 546 5.0
234 628 4.0
234 743 5.0
234 756 4.0
234 763 4.0
234 815 4.0
234 819 4.0
234 833 4.0
234 928 4.0
234 975 4.0
235 1 4.0
235 3 4.0
235 4 4.0
235 5 3.0
235 7 4.0
235 9 3.0
235 11 4.0
235 12 3.0
235 15 3.0
235 21 4.0
235 22 3.0
235 23 3.0
235 24 3.0
235 25 4.0
235 27 3.0
235 28 4.0
235 29 3.0
235 31 4.0
235 38 3.0
235 40 4.0
235 42 3.0
235 45 3.0
235 49 4.0
235 50 4.0
235 52 4.0
235 54 3.0
235 62 4.0
235 63 3.0
235 64 4.0
235 67 4.0
235 68 4.0
235 69 4.0
235 71 3.0
235 72 3.0
235 73 4.0
235 80 3.0
235 81 3.0
235 82 4.0
235 83 4.0
235 85 3.0
235 86 4.0
235 89 4.0
235 90 3.0
235 96 4.0
235 100 3.0
235 105 4.0
235 108 3.0
235 109 3.0
235 111 4.0
235 115 4.0
235 117 4.0
235 118 4.0
235 121 4.0
235 122 3.0
235 123 3.0
235 125 4.0
235 128 3.0
235 132 4.0
235 135 4.0
235 136 3.0
235 141 3.0
235 148 3.0
235 151 3.0
235 152 3.0
235 153 4.0
235 154 4.0
235 156 4.0
235 157 4.0
235 159 3.0
235 160 3.0
235 161 3.0
235 162 4.0
235 163 4.0
235 164 3.0
235 167 5.0
235 168 4.0
235 171 4.0
235 172 4.0
235 173 4.0
235 174 4.0
235 175 4.0
235 176 4.0
235 182 4.0
235 183 4.0
235 184 4.0
235 185 3.0
235 186 4.0
235 187 3.0
235 188 3.0
235 190 4.0
235 191 4.0
235 195 4.0
235 196 3.0
235 199 4.0
235 200 3.0
235 204 4.0
235 206 4.0
235 211 3.0
235 214 4.0
235 215 3.0
235 216 4.0
235 217 3.0
235 218 4.0
235 219 4.0
235 222 4.0
235 225 4.0
235 226 3.0
235 227 4.0
235 228 4.0
235 229 4.0
235 230 4.0
235 234 4.0
235 239 3.0
235 240 4.0
235 245 3.0
235 246 4.0
235 250 4.0
235 252 3.0
235 254 3.0
235 255 4.0
235 257 4.0
235 258 4.0
235 260 3.0
235 264 4.0
235 273 3.0
235 284 4.0
235 290 4.0
235 291 4.0
235 294 4.0
235 299 3.0
235 300 3.0
235 307 4.0
235 313 4.0
235 317 4.0
235 318 4.0
235 321 4.0
235 327 4.0
235 331 3.0
235 338 4.0
235 343 3.0
235 351 4.0
235 354 4.0
235 358 4.0
235 367 4.0
235 369 3.0
235 376 4.0
235 380 3.0
235 381 3.0
235 382 4.0
235 384 4.0
235 385 4.0
235 386 4.0
235 392 4.0
235 393 3.0
235 394 4.0
235 399 4.0
235 402 3.0
235 403 4.0
235 404 3.0
235 410 3.0
235 411 4.0
235 413 4.0
235 423 4.0
235 424 4.0
235 431 4.0
235 433 4.0
235 434 3.0
235 435 3.0
235 436 3.0
235 443 4.0
235 447 3.0
235 448 3.0
235 451 3.0
235 455 3.0
235 462 3.0
235 465 3.0
235 470 4.0
235 473 3.0
235 476 4.0
235 520 4.0
235 541 3.0
235 542 3.0
235 546 3.0
235 550 4.0
235 554 3.0
235 561 3.0
235 562 3.0
235 566 3.0
235 567 3.0
235 568 4.0
235 569 4.0
235 571 2.0
235 572 3.0
235 573 4.0
235 576 3.0
235 577 3.0
235 584 3.0
235 587 4.0
235 588 4.0
235 597 3.0
235 616 3.0
235 625 3.0
235 628 3.0
235 631 4.0
235 637 4.0
235 640 3.0
235 649 4.0
235 652 3.0
235 655 4.0
235 659 4.0
235 665 4.0
235 672 4.0
235 673 4.0
235 674 3.0
235 675 3.0
235 679 3.0
235 684 3.0
235 693 3.0
235 696 3.0
235 697 3.0
235 710 4.0
235 713 4.0
235 715 4.0
235 717 3.0
235 720 4.0
235 729 4.0
235 732 4.0
235 743 3.0
235 746 3.0
235 748 4.0
235 751 4.0
235 752 4.0
235 756 3.0
235 760 3.0
235 762 4.0
235 780 3.0
235 781 4.0
235 786 3.0
235 790 3.0
235 792 4.0
235 797 4.0
235 800 3.0
235 820 3.0
235 821 3.0
235 825 4.0
235 826 4.0
235 831 3.0
235 834 4.0
235 841 3.0
235 845 4.0
235 862 3.0
235 890 3.0
235 895 4.0
235 924 4.0
235 926 4.0
235 928 4.0
235 929 3.0
235 943 3.0
235 944 4.0
235 961 4.0
235 977 3.0
235 983 2.0
236 21 5.0
236 23 4.0
236 26 4.0
236 38 4.0
236 39 4.0
236 43 4.0
236 47 4.0
236 65 4.0
236 66 4.0
236 72 4.0
236 73 4.0
236 83 4.0
236 90 4.0
236 92 4.0
236 95 5.0
236 96 4.0
236 98 4.0
236 102 4.0
236 111 4.0
236 125 4.0
236 127 4.0
236 132 4.0
236 133 4.0
236 157 4.0
236 159 4.0
236 161 3.0
236 168 4.0
236 172 4.0
236 174 4.0
236 179 4.0
236 182 4.0
236 186 3.0
236 200 3.0
236 204 4.0
236 215 4.0
236 216 4.0
236 217 4.0
236 218 4.0
236 226 4.0
236 238 4.0
236 265 4.0
236 276 4.0
236 287 4.0
236 288 4.0
236 325 4.0
236 327 4.0
236 340 4.0
236 347 4.0
236 367 4.0
236 381 5.0
236 392 4.0
236 400 5.0
236 411 4.0
236 433 4.0
236 441 5.0
236 447 5.0
236 454 4.0
236 503 4.0
236 504 4.0
236 506 4.0
236 537 5.0
236 546 4.0
236 553 4.0
236 559 4.0
236 568 5.0
236 581 5.0
236 585 3.0
236 595 3.0
236 628 4.0
236 642 4.0
236 649 4.0
236 655 4.0
236 658 4.0
236 708 4.0
236 710 4.0
236 715 4.0
236 723 5.0
236 739 4.0
236 742 4.0
236 746 4.0
236 748 4.0
236 761 5.0
236 762 4.0
236 763 4.0
236 785 4.0
236 787 5.0
236 790 4.0
236 794 4.0
236 821 3.0
236 845 4.0
236 895 4.0
236 974 4.0
237 5 4.0
237 11 5.0
237 12 5.0
237 14 4.0
237 28 5.0
237 30 4.0
237 42 5.0
237 47 4.0
237 51 4.0
237 56 5.0
237 58 4.0
237 65 4.0
237 69 4.0
237 70 4.0
237 77 4.0
237 79 4.0
237 82 4.0
237 83 5.0
237 86 4.0
237 87 4.0
237 88 5.0
237 89 4.0
237 90 4.0
237 91 4.0
237 95 4.0
237 97 4.0
237 98 4.0
237 99 5.0
237 111 4.0
237 116 4.0
237 118 4.0
237 124 4.0
237 131 4.0
237 132 4.0
237 133 5.0
237 134 4.0
237 137 4.0
237 143 4.0
237 144 4.0
237 145 4.0
237 151 5.0
237 154 5.0
237 155 5.0
237 161 4.0
237 162 5.0
237 165 4.0
237 166 5.0
237 168 5.0
237 173 5.0
237 174 4.0
237 176 5.0
237 179 4.0
237 181 4.0
237 183 5.0
237 185 4.0
237 186 5.0
237 190 4.0
237 191 5.0
237 195 4.0
237 197 5.0
237 204 4.0
237 207 5.0
237 208 4.0
237 211 5.0
237 212 5.0
237 213 5.0
237 214 5.0
237 216 5.0
237 217 5.0
237 218 4.0
237 219 4.0
237 229 4.0
237 234 4.0
237 237 4.0
237 238 4.0
237 239 4.0
237 244 4.0
237 253 5.0
237 254 4.0
237 265 4.0
237 275 4.0
237 276 4.0
237 281 4.0
237 283 4.0
237 286 4.0
237 287 5.0
237 288 4.0
237 292 4.0
237 301 4.0
237 318 5.0
237 378 4.0
237 381 4.0
237 387 5.0
237 393 4.0
237 402 5.0
237 404 5.0
237 412 4.0
237 415 4.0
237 418 4.0
237 419 4.0
237 421 5.0
237 423 4.0
237 428 4.0
237 432 5.0
237 433 4.0
237 435 4.0
237 436 5.0
237 447 5.0
237 450 4.0
237 451 4.0
237 463 4.0
237 466 5.0
237 473 4.0
237 478 4.0
237 480 5.0
237 482 4.0
237 483 4.0
237 484 4.0
237 485 4.0
237 496 4.0
237 497 5.0
237 499 5.0
237 501 5.0
237 507 5.0
237 512 4.0
237 514 4.0
237 517 5.0
237 518 4.0
237 521 4.0
237 523 4.0
237 559 4.0
237 566 4.0
237 581 4.0
237 582 5.0
237 583 4.0
237 584 4.0
237 588 4.0
237 603 5.0
237 607 4.0
237 614 4.0
237 629 5.0
237 640 4.0
237 642 4.0
237 651 4.0
237 652 4.0
237 654 5.0
237 655 5.0
237 657 4.0
237 658 4.0
237 660 5.0
237 663 4.0
237 665 4.0
237 672 4.0
237 674 4.0
237 683 4.0
237 684 4.0
237 692 4.0
237 696 5.0
237 697 5.0
237 698 5.0
237 699 4.0
237 702 4.0
237 705 5.0
237 708 4.0
237 709 5.0
237 710 5.0
237 727 5.0
237 730 4.0
237 732 4.0
237 736 5.0
237 737 4.0
237 739 5.0
237 746 5.0
237 747 4.0
237 748 4.0
237 753 5.0
237 755 4.0
237 770 4.0
237 778 5.0
237 781 4.0
237 794 4.0
237 812 5.0
237 842 4.0
237 843 5.0
237 946 5.0
237 955 4.0
237 969 4.0
238 1 4.0
238 9 4.0
238 21 4.0
238 50 4.0
238 100 3.0
238 118 4.0
238 121 3.0
238 181 4.0
238 220 4.0
238 237 3.0
238 245 3.0
238 269 4.0
238 280 4.0
238 321 3.0
238 471 3.0
238 476 4.0
238 815 3.0
238 845 4.0
239 7 4.0
239 13 4.0
239 93 3.0
239 100 3.0
239 121 3.0
239 125 4.0
239 147 4.0
239 237 3.0
239 240 4.0
239 242 3.0
239 257 4.0
239 273 4.0
239 276 4.0
239 282 4.0
239 285 4.0
239 288 3.0
239 293 4.0
239 300 4.0
239 301 4.0
239 405 4.0
239 475 4.0
240 70 4.0
240 86 5.0
240 198 4.0
240 242 4.0
240 243 4.0
240 271 4.0
240 272 3.0
240 283 4.0
240 300 4.0
240 310 4.0
240 312 4.0
240 319 5.0
240 323 4.0
240 328 4.0
240 329 4.0
240 340 4.0
240 350 4.0
240 512 4.0
240 515 4.0
240 582 4.0
240 690 4.0
240 750 4.0
240 886 4.0
240 904 4.0
240 921 4.0
240 937 4.0
240 971 5.0
240 988 4.0
241 1 4.0
241 9 4.0
241 15 4.0
241 25 3.0
241 121 3.0
241 288 4.0
241 313 3.0
241 342 4.0
241 405 3.0
241 751 4.0
242 7 2.0
242 11 3.0
242 12 2.0
242 17 3.0
242 22 3.0
242 26 3.0
242 27 2.0
242 31 2.0
242 33 2.0
242 38 2.0
242 39 3.0
242 41 3.0
242 42 3.0
242 44 3.0
242 53 3.0
242 54 3.0
242 55 2.0
242 56 3.0
242 62 3.0
242 64 3.0
242 68 3.0
242 79 3.0
242 82 3.0
242 100 3.0
242 117 3.0
242 129 3.0
242 144 3.0
242 150 2.0
242 154 3.0
242 156 2.0
242 159 2.0
242 161 3.0
242 168 3.0
242 174 3.0
242 176 3.0
242 177 3.0
242 182 2.0
242 184 3.0
242 186 3.0
242 195 3.0
242 203 3.0
242 204 2.0
242 209 3.0
242 210 3.0
242 217 3.0
242 219 3.0
242 226 2.0
242 228 3.0
242 229 3.0
242 230 3.0
242 231 3.0
242 234 2.0
242 240 3.0
242 273 3.0
242 276 3.0
242 281 3.0
242 286 3.0
242 288 3.0
242 294 3.0
242 318 3.0
242 342 3.0
242 350 3.0
242 367 2.0
242 385 3.0
242 401 3.0
242 403 3.0
242 410 3.0
242 436 2.0
242 449 3.0
242 452 2.0
242 482 3.0
242 508 3.0
242 546 3.0
242 550 3.0
242 554 3.0
242 559 3.0
242 569 3.0
242 572 2.0
242 578 3.0
242 591 3.0
242 628 3.0
242 635 2.0
242 636 3.0
242 665 3.0
242 672 2.0
242 684 3.0
242 685 3.0
242 695 4.0
242 710 3.0
242 746 3.0
242 769 2.0
242 780 2.0
242 800 2.0
242 810 2.0
242 834 3.0
242 873 1.0
242 943 1.0
242 975 3.0
242 979 4.0
242 988 4.0
243 258 4.0
243 271 4.0
243 286 4.0
243 309 5.0
243 313 4.0
243 323 4.0
243 340 4.0
243 358 4.0
243 678 4.0
243 687 4.0
244 9 4.0
244 50 4.0
244 100 4.0
244 245 4.0
244 258 4.0
244 271 4.0
244 300 4.0
244 313 4.0
244 515 4.0
244 678 4.0
244 748 4.0
244 916 3.0
245 7 2.0
245 9 2.0
245 12 3.0
245 28 2.0
245 50 2.0
245 55 2.0
245 64 3.0
245 79 2.0
245 87 3.0
245 117 2.0
245 118 2.0
245 121 2.0
245 123 2.0
245 127 3.0
245 144 3.0
245 147 3.0
245 150 2.0
245 174 3.0
245 181 2.0
245 195 2.0
245 203 2.0
245 204 3.0
245 208 2.0
245 209 2.0
245 221 2.0
245 235 2.0
245 245 2.0
245 246 2.0
245 248 2.0
245 268 2.0
245 273 2.0
245 276 2.0
245 291 2.0
245 295 2.0
245 302 3.0
245 310 3.0
245 313 3.0
245 324 2.0
245 325 3.0
245 330 2.0
245 333 2.0
245 340 2.0
245 346 2.0
245 405 2.0
245 408 2.0
245 460 2.0
245 475 3.0
245 479 2.0
245 480 3.0
245 504 2.0
245 544 2.0
245 591 2.0
245 595 2.0
245 597 2.0
245 603 2.0
245 628 2.0
245 644 3.0
245 689 2.0
245 742 2.0
245 744 2.0
245 748 2.0
245 752 2.0
245 762 2.0
245 763 2.0
245 818 2.0
245 823 2.0
245 829 2.0
245 831 2.0
245 840 2.0
245 844 2.0
245 845 3.0
245 871 2.0
245 881 2.0
245 886 2.0
245 895 2.0
245 908 2.0
245 919 2.0
245 959 2.0
245 979 3.0
246 268 3.0
246 269 3.0
246 270 3.0
246 286 3.0
246 288 3.0
246 292 3.0
246 294 2.0
246 302 2.0
246 303 3.0
246 306 3.0
246 311 3.0
246 326 3.0
246 328 2.0
246 332 2.0
246 688 2.0
246 748 3.0
246 754 3.0
246 880 3.0
246 883 3.0
246 887 3.0
246 888 3.0
247 1 4.0
247 5 4.0
247 7 4.0
247 9 4.0
247 17 4.0
247 27 4.0
247 28 4.0
247 31 4.0
247 55 4.0
247 56 4.0
247 65 4.0
247 68 4.0
247 69 4.0
247 70 4.0
247 85 4.0
247 89 4.0
247 96 4.0
247 98 4.0
247 100 5.0
247 111 4.0
247 117 4.0
247 123 4.0
247 135 4.0
247 144 4.0
247 147 4.0
247 148 4.0
247 150 4.0
247 151 4.0
247 153 4.0
247 156 4.0
247 157 4.0
247 158 4.0
247 174 4.0
247 176 4.0
247 180 4.0
247 183 4.0
247 204 4.0
247 206 4.0
247 209 4.0
247 218 4.0
247 222 4.0
247 227 4.0
247 231 4.0
247 233 4.0
247 234 4.0
247 248 4.0
247 252 4.0
247 258 4.0
247 260 4.0
247 281 4.0
247 284 4.0
247 286 4.0
247 288 5.0
247 290 4.0
247 293 4.0
247 298 4.0
247 300 4.0
247 367 4.0
247 405 4.0
247 410 4.0
247 435 4.0
247 447 4.0
247 470 4.0
247 483 4.0
247 484 4.0
247 498 4.0
247 544 4.0
247 546 4.0
247 559 4.0
247 582 4.0
247 591 4.0
247 597 4.0
247 629 4.0
247 642 4.0
247 678 4.0
247 742 4.0
247 748 4.0
247 760 4.0
247 815 4.0
247 823 4.0
247 845 4.0
247 866 4.0
247 879 5.0
247 926 4.0
247 963 4.0
247 981 3.0
248 262 4.0
248 268 4.0
248 269 4.0
248 271 4.0
248 292 3.0
248 301 3.0
248 303 4.0
248 304 3.0
248 305 4.0
248 307 4.0
248 316 4.0
248 321 4.0
248 327 4.0
248 333 4.0
248 338 4.0
248 344 3.0
248 345 3.0
248 360 4.0
248 750 3.0
248 884 3.0
248 887 4.0
248 902 4.0
249 9 3.0
249 15 2.0
249 59 3.0
249 60 3.0
249 61 4.0
249 100 3.0
249 105 4.0
249 117 3.0
249 118 2.0
249 122 2.0
249 127 4.0
249 137 3.0
249 170 4.0
249 171 3.0
249 179 2.0
249 212 4.0
249 244 3.0
249 248 3.0
249 251 3.0
249 273 4.0
249 276 4.0
249 282 2.0
249 285 3.0
249 286 3.0
249 288 4.0
249 293 4.0
249 310 3.0
249 337 1.0
249 381 3.0
249 410 2.0
249 459 4.0
249 546 4.0
249 558 3.0
249 702 3.0
249 742 3.0
249 753 4.0
249 763 2.0
249 936 5.0
249 971 3.0
249 983 4.0
250 1 4.0
250 2 4.0
250 3 4.0
250 4 4.0
250 7 4.0
250 10 4.0
250 12 4.0
250 13 4.0
250 15 4.0
250 26 4.0
250 28 4.0
250 29 4.0
250 35 1.0
250 38 4.0
250 39 4.0
250 49 4.0
250 51 4.0
250 54 4.0
250 56 4.0
250 58 4.0
250 60 4.0
250 64 4.0
250 65 4.0
250 66 4.0
250 67 4.0
250 70 4.0
250 71 4.0
250 73 4.0
250 77 4.0
250 79 4.0
250 80 4.0
250 81 4.0
250 82 4.0
250 83 4.0
250 86 4.0
250 87 4.0
250 88 4.0
250 89 4.0
250 92 4.0
250 94 4.0
250 95 4.0
250 97 4.0
250 98 4.0
250 99 4.0
250 100 4.0
250 101 4.0
250 110 4.0
250 112 4.0
250 114 4.0
250 117 4.0
250 121 4.0
250 123 4.0
250 125 4.0
250 126 4.0
250 127 4.0
250 131 4.0
250 132 4.0
250 133 4.0
250 134 4.0
250 135 4.0
250 136 4.0
250 139 4.0
250 141 4.0
250 142 4.0
250 143 4.0
250 144 4.0
250 145 4.0
250 152 4.0
250 153 4.0
250 154 4.0
250 155 4.0
250 157 4.0
250 158 4.0
250 161 4.0
250 162 4.0
250 163 4.0
250 164 4.0
250 166 4.0
250 167 4.0
250 168 4.0
250 169 4.0
250 173 4.0
250 174 4.0
250 176 4.0
250 177 4.0
250 179 4.0
250 180 4.0
250 182 4.0
250 183 4.0
250 185 4.0
250 187 4.0
250 191 4.0
250 192 4.0
250 193 4.0
250 194 4.0
250 195 4.0
250 196 4.0
250 197 4.0
250 199 4.0
250 200 4.0
250 202 4.0
250 203 4.0
250 204 4.0
250 205 4.0
250 207 4.0
250 208 4.0
250 210 4.0
250 211 4.0
250 215 4.0
250 216 4.0
250 218 4.0
250 222 4.0
250 223 4.0
250 225 4.0
250 226 4.0
250 227 4.0
250 229 4.0
250 231 4.0
250 233 4.0
250 237 4.0
250 238 4.0
250 239 4.0
250 241 4.0
250 245 4.0
250 252 4.0
250 254 4.0
250 258 4.0
250 264 4.0
250 265 4.0
250 269 4.0
250 270 4.0
250 272 4.0
250 274 4.0
250 275 4.0
250 277 4.0
250 278 4.0
250 280 4.0
250 281 4.0
250 282 4.0
250 283 4.0
250 287 4.0
250 288 4.0
250 290 4.0
250 292 4.0
250 294 4.0
250 299 4.0
250 300 4.0
250 301 4.0
250 302 4.0
250 304 4.0
250 305 4.0
250 310 4.0
250 311 4.0
250 312 4.0
250 313 4.0
250 315 4.0
250 316 4.0
250 328 4.0
250 332 4.0
250 340 4.0
250 354 4.0
250 357 4.0
250 367 4.0
250 371 4.0
250 373 4.0
250 378 4.0
250 380 4.0
250 381 4.0
250 382 4.0
250 383 4.0
250 384 4.0
250 385 4.0
250 387 4.0
250 393 4.0
250 395 4.0
250 396 4.0
250 400 4.0
250 401 4.0
250 414 4.0
250 416 4.0
250 417 4.0
250 418 4.0
250 419 4.0
250 421 4.0
250 422 4.0
250 427 4.0
250 428 4.0
250 430 4.0
250 431 4.0
250 432 4.0
250 433 4.0
250 434 4.0
250 435 4.0
250 443 4.0
250 448 4.0
250 455 4.0
250 462 4.0
250 465 4.0
250 467 4.0
250 468 4.0
250 469 4.0
250 470 4.0
250 471 4.0
250 472 4.0
250 474 4.0
250 476 4.0
250 477 4.0
250 478 4.0
250 479 4.0
250 480 4.0
250 481 4.0
250 482 4.0
250 483 4.0
250 484 4.0
250 487 4.0
250 488 4.0
250 490 4.0
250 491 4.0
250 493 4.0
250 494 4.0
250 495 4.0
250 496 4.0
250 497 4.0
250 499 4.0
250 500 4.0
250 502 4.0
250 503 4.0
250 505 4.0
250 506 4.0
250 507 4.0
250 509 4.0
250 510 4.0
250 511 4.0
250 514 4.0
250 518 4.0
250 520 4.0
250 523 4.0
250 525 4.0
250 526 4.0
250 527 4.0
250 528 4.0
250 530 4.0
250 535 4.0
250 549 4.0
250 550 4.0
250 553 4.0
250 557 4.0
250 558 4.0
250 559 4.0
250 561 4.0
250 566 4.0
250 568 4.0
250 570 4.0
250 582 4.0
250 583 4.0
250 589 4.0
250 591 4.0
250 602 4.0
250 604 4.0
250 606 4.0
250 607 4.0
250 608 4.0
250 609 4.0
250 610 4.0
250 611 4.0
250 612 4.0
250 613 4.0
250 614 4.0
250 618 4.0
250 620 4.0
250 622 4.0
250 629 4.0
250 630 4.0
250 631 4.0
250 632 4.0
250 633 4.0
250 637 4.0
250 642 4.0
250 647 4.0
250 648 4.0
250 650 4.0
250 651 4.0
250 655 4.0
250 657 4.0
250 659 4.0
250 660 4.0
250 661 4.0
250 663 4.0
250 673 4.0
250 679 4.0
250 685 4.0
250 686 4.0
250 689 4.0
250 692 4.0
250 693 4.0
250 700 3.0
250 704 4.0
250 707 4.0
250 708 4.0
250 709 4.0
250 710 4.0
250 712 4.0
250 714 4.0
250 715 4.0
250 716 4.0
250 717 4.0
250 723 4.0
250 727 4.0
250 728 4.0
250 729 4.0
250 731 4.0
250 735 4.0
250 736 4.0
250 739 4.0
250 742 4.0
250 747 4.0
250 748 4.0
250 751 4.0
250 761 4.0
250 762 4.0
250 765 4.0
250 771 4.0
250 774 4.0
250 775 4.0
250 778 4.0
250 783 4.0
250 785 4.0
250 790 4.0
250 792 4.0
250 794 4.0
250 801 4.0
250 807 1.0
250 815 4.0
250 821 4.0
250 823 4.0
250 832 4.0
250 837 4.0
250 842 4.0
250 845 4.0
250 846 4.0
250 847 4.0
250 865 5.0
250 869 4.0
250 873 4.0
250 878 4.0
250 900 4.0
250 902 4.0
250 904 4.0
250 905 4.0
250 908 2.0
250 921 4.0
250 923 4.0
250 926 4.0
250 928 4.0
250 934 4.0
250 936 4.0
250 939 4.0
250 940 4.0
250 942 4.0
250 956 4.0
250 965 4.0
250 966 4.0
250 967 4.0
250 969 4.0
251 242 2.0
251 243 2.0
251 259 3.0
251 260 3.0
251 263 2.0
251 264 2.0
251 268 2.0
251 269 3.0
251 270 3.0
251 286 2.0
251 288 1.0
251 292 2.0
251 294 3.0
251 299 2.0
251 300 2.0
251 301 2.0
251 303 2.0
251 307 2.0
251 308 2.0
251 322 2.0
251 323 2.0
251 325 3.0
251 327 3.0
251 328 2.0
251 329 2.0
251 330 3.0
251 331 2.0
251 332 2.0
251 333 2.0
251 336 2.0
251 337 2.0
251 359 1.0
251 360 2.0
251 457 2.0
251 680 2.0
251 681 2.0
251 683 2.0
251 687 2.0
251 688 2.0
251 690 3.0
251 749 2.0
251 872 2.0
251 874 2.0
251 875 2.0
251 877 2.0
251 879 2.0
251 880 3.0
251 881 2.0
251 882 2.0
251 883 2.0
251 884 2.0
251 937 2.0
251 938 2.0
251 984 2.0
251 989 3.0
251 991 1.0
251 995 2.0
252 7 4.0
252 8 4.0
252 14 3.0
252 22 4.0
252 25 3.0
252 27 3.0
252 45 4.0
252 48 4.0
252 52 4.0
252 58 3.0
252 60 3.0
252 61 4.0
252 62 3.0
252 64 4.0
252 66 4.0
252 69 4.0
252 70 4.0
252 79 3.0
252 86 4.0
252 88 4.0
252 89 3.0
252 96 3.0
252 97 3.0
252 99 3.0
252 111 4.0
252 121 3.0
252 124 3.0
252 127 3.0
252 132 3.0
252 134 3.0
252 135 4.0
252 136 3.0
252 143 3.0
252 152 3.0
252 154 4.0
252 156 3.0
252 161 3.0
252 162 4.0
252 163 4.0
252 170 4.0
252 173 3.0
252 174 3.0
252 180 4.0
252 181 4.0
252 183 3.0
252 185 3.0
252 186 4.0
252 187 3.0
252 188 4.0
252 191 3.0
252 194 3.0
252 195 3.0
252 197 3.0
252 201 4.0
252 202 3.0
252 203 3.0
252 204 3.0
252 207 4.0
252 211 3.0
252 212 3.0
252 216 4.0
252 234 3.0
252 237 4.0
252 243 3.0
252 245 4.0
252 259 3.0
252 269 4.0
252 276 3.0
252 286 4.0
252 294 3.0
252 318 3.0
252 371 4.0
252 384 4.0
252 404 3.0
252 418 4.0
252 419 4.0
252 420 3.0
252 423 3.0
252 427 3.0
252 430 4.0
252 435 3.0
252 443 3.0
252 455 3.0
252 458 3.0
252 461 4.0
252 462 3.0
252 465 4.0
252 467 3.0
252 472 4.0
252 479 4.0
252 482 3.0
252 483 3.0
252 485 4.0
252 488 3.0
252 490 3.0
252 491 4.0
252 494 4.0
252 495 4.0
252 496 3.0
252 498 4.0
252 502 3.0
252 506 4.0
252 509 4.0
252 510 3.0
252 513 3.0
252 517 3.0
252 518 4.0
252 521 3.0
252 523 4.0
252 526 3.0
252 530 3.0
252 531 4.0
252 554 3.0
252 576 3.0
252 588 4.0
252 597 3.0
252 603 4.0
252 609 4.0
252 614 3.0
252 615 3.0
252 624 4.0
252 631 3.0
252 636 3.0
252 641 4.0
252 648 3.0
252 654 4.0
252 659 3.0
252 660 4.0
252 684 4.0
252 729 3.0
252 736 3.0
252 780 4.0
252 781 4.0
252 792 3.0
252 805 3.0
252 815 3.0
252 856 4.0
252 863 3.0
252 874 3.0
252 924 2.0
252 947 4.0
252 969 3.0
252 971 4.0
253 3 2.0
253 4 3.0
253 7 3.0
253 9 3.0
253 11 3.0
253 12 3.0
253 17 3.0
253 22 3.0
253 24 3.0
253 33 3.0
253 42 3.0
253 48 3.0
253 49 3.0
253 50 3.0
253 53 3.0
253 59 3.0
253 68 3.0
253 69 3.0
253 73 3.0
253 77 3.0
253 79 3.0
253 80 3.0
253 93 3.0
253 94 3.0
253 97 2.0
253 98 3.0
253 100 3.0
253 117 2.0
253 122 2.0
253 125 3.0
253 132 3.0
253 143 3.0
253 154 3.0
253 156 3.0
253 157 3.0
253 158 3.0
253 164 2.0
253 168 3.0
253 172 4.0
253 174 3.0
253 181 3.0
253 184 2.0
253 186 3.0
253 188 3.0
253 196 4.0
253 204 4.0
253 210 3.0
253 214 3.0
253 223 3.0
253 231 3.0
253 233 3.0
253 234 3.0
253 238 3.0
253 239 3.0
253 246 3.0
253 248 2.0
253 258 3.0
253 268 3.0
253 276 3.0
253 288 3.0
253 298 3.0
253 318 3.0
253 354 3.0
253 356 3.0
253 357 3.0
253 364 3.0
253 367 3.0
253 369 3.0
253 385 3.0
253 393 4.0
253 401 3.0
253 402 3.0
253 410 3.0
253 412 2.0
253 416 3.0
253 421 3.0
253 423 3.0
253 424 3.0
253 427 4.0
253 456 2.0
253 471 3.0
253 475 3.0
253 476 3.0
253 496 3.0
253 515 3.0
253 550 3.0
253 552 2.0
253 566 3.0
253 568 3.0
253 578 3.0
253 586 3.0
253 591 3.0
253 651 3.0
253 655 3.0
253 684 4.0
253 693 3.0
253 697 3.0
253 717 3.0
253 721 4.0
253 742 4.0
253 871 2.0
253 959 3.0
253 963 4.0
253 975 2.0
254 1 3.0
254 11 3.0
254 12 3.0
254 15 3.0
254 22 3.0
254 28 3.0
254 50 3.0
254 51 3.0
254 55 3.0
254 56 3.0
254 58 3.0
254 66 3.0
254 69 4.0
254 70 3.0
254 73 3.0
254 76 3.0
254 77 3.0
254 79 3.0
254 82 3.0
254 87 3.0
254 88 3.0
254 89 3.0
254 96 3.0
254 97 3.0
254 98 3.0
254 99 3.0
254 100 3.0
254 107 3.0
254 114 3.0
254 117 3.0
254 118 3.0
254 121 3.0
254 124 3.0
254 131 3.0
254 136 3.0
254 143 3.0
254 144 3.0
254 153 4.0
254 161 3.0
254 162 3.0
254 164 3.0
254 169 3.0
254 172 3.0
254 173 3.0
254 174 3.0
254 181 3.0
254 182 3.0
254 185 3.0
254 191 3.0
254 193 3.0
254 194 3.0
254 195 3.0
254 196 3.0
254 197 3.0
254 199 3.0
254 202 3.0
254 203 3.0
254 204 3.0
254 210 3.0
254 211 3.0
254 215 3.0
254 222 3.0
254 228 3.0
254 234 3.0
254 237 3.0
254 250 3.0
254 255 3.0
254 257 3.0
254 258 3.0
254 259 3.0
254 260 3.0
254 270 3.0
254 272 3.0
254 277 3.0
254 279 3.0
254 286 3.0
254 289 3.0
254 293 3.0
254 300 3.0
254 310 3.0
254 315 3.0
254 316 3.0
254 317 3.0
254 318 3.0
254 322 3.0
254 323 3.0
254 326 3.0
254 356 3.0
254 357 3.0
254 378 3.0
254 385 3.0
254 392 3.0
254 404 3.0
254 414 3.0
254 418 4.0
254 419 3.0
254 423 3.0
254 427 3.0
254 431 3.0
254 434 4.0
254 435 3.0
254 451 3.0
254 454 3.0
254 465 3.0
254 468 4.0
254 474 3.0
254 478 3.0
254 479 3.0
254 482 3.0
254 483 3.0
254 484 3.0
254 485 3.0
254 487 3.0
254 490 4.0
254 492 3.0
254 493 3.0
254 496 3.0
254 497 3.0
254 507 3.0
254 509 3.0
254 519 3.0
254 520 3.0
254 526 3.0
254 528 3.0
254 531 3.0
254 566 3.0
254 568 3.0
254 603 3.0
254 605 3.0
254 607 3.0
254 610 4.0
254 612 4.0
254 614 3.0
254 627 3.0
254 631 3.0
254 633 3.0
254 642 3.0
254 649 3.0
254 651 3.0
254 654 3.0
254 655 3.0
254 657 3.0
254 659 3.0
254 660 3.0
254 661 3.0
254 678 3.0
254 685 3.0
254 686 3.0
254 692 3.0
254 693 3.0
254 694 3.0
254 705 3.0
254 707 3.0
254 735 3.0
254 736 3.0
254 740 3.0
254 742 3.0
254 746 3.0
254 836 3.0
254 837 3.0
254 842 3.0
254 873 3.0
254 875 3.0
254 879 3.0
254 939 3.0
254 945 3.0
254 956 3.0
254 961 3.0
254 968 4.0
255 1 4.0
255 2 3.0
255 4 2.0
255 7 3.0
255 8 4.0
255 9 3.0
255 12 3.0
255 14 3.0
255 17 4.0
255 20 4.0
255 24 3.0
255 25 3.0
255 31 4.0
255 39 2.0
255 42 3.0
255 44 3.0
255 47 4.0
255 53 3.0
255 56 4.0
255 57 4.0
255 58 3.0
255 64 3.0
255 65 3.0
255 69 3.0
255 70 4.0
255 71 3.0
255 87 2.0
255 89 4.0
255 95 3.0
255 96 3.0
255 97 4.0
255 98 4.0
255 100 4.0
255 118 3.0
255 123 2.0
255 125 4.0
255 126 3.0
255 127 4.0
255 135 4.0
255 148 2.0
255 161 4.0
255 170 4.0
255 173 4.0
255 174 3.0
255 176 3.0
255 191 3.0
255 196 3.0
255 197 4.0
255 204 3.0
255 214 2.0
255 217 3.0
255 222 2.0
255 223 3.0
255 228 3.0
255 234 4.0
255 237 3.0
255 245 3.0
255 252 3.0
255 255 3.0
255 257 3.0
255 265 2.0
255 270 3.0
255 275 3.0
255 276 3.0
255 277 4.0
255 279 3.0
255 281 3.0
255 282 3.0
255 289 3.0
255 291 3.0
255 292 3.0
255 293 4.0
255 298 4.0
255 300 3.0
255 304 3.0
255 307 3.0
255 313 3.0
255 317 3.0
255 318 4.0
255 321 4.0
255 323 4.0
255 334 3.0
255 343 3.0
255 380 4.0
255 382 3.0
255 393 2.0
255 402 3.0
255 405 3.0
255 428 4.0
255 447 3.0
255 455 3.0
255 462 3.0
255 465 3.0
255 471 4.0
255 475 3.0
255 504 3.0
255 508 3.0
255 511 4.0
255 515 3.0
255 518 3.0
255 529 3.0
255 531 4.0
255 549 3.0
255 582 4.0
255 584 3.0
255 591 3.0
255 597 4.0
255 627 4.0
255 628 3.0
255 629 3.0
255 647 3.0
255 660 3.0
255 678 4.0
255 692 3.0
255 694 3.0
255 709 3.0
255 724 4.0
255 727 3.0
255 738 2.0
255 747 4.0
255 755 3.0
255 778 3.0
255 898 2.0
255 934 2.0
255 939 4.0
256 1 3.0
256 3 3.0
256 4 3.0
256 12 3.0
256 13 3.0
256 22 3.0
256 23 3.0
256 32 3.0
256 42 3.0
256 46 2.0
256 50 3.0
256 53 3.0
256 54 3.0
256 57 3.0
256 60 3.0
256 61 3.0
256 68 3.0
256 69 3.0
256 79 3.0
256 80 3.0
256 86 3.0
256 91 3.0
256 92 3.0
256 95 3.0
256 97 3.0
256 99 3.0
256 100 2.0
256 101 3.0
256 111 4.0
256 125 3.0
256 127 3.0
256 133 3.0
256 135 3.0
256 143 3.0
256 161 3.0
256 168 3.0
256 170 3.0
256 172 3.0
256 174 3.0
256 175 3.0
256 177 3.0
256 179 3.0
256 180 3.0
256 181 3.0
256 182 3.0
256 185 3.0
256 186 3.0
256 187 3.0
256 188 3.0
256 194 3.0
256 196 3.0
256 197 3.0
256 202 3.0
256 208 3.0
256 210 3.0
256 211 3.0
256 216 3.0
256 218 3.0
256 222 3.0
256 226 3.0
256 228 3.0
256 231 4.0
256 232 3.0
256 234 3.0
256 238 3.0
256 268 3.0
256 273 3.0
256 274 3.0
256 282 3.0
256 286 3.0
256 294 3.0
256 325 4.0
256 346 4.0
256 357 3.0
256 366 3.0
256 369 3.0
256 380 3.0
256 403 3.0
256 410 3.0
256 414 2.0
256 419 3.0
256 421 3.0
256 423 3.0
256 427 3.0
256 431 3.0
256 432 3.0
256 433 3.0
256 443 3.0
256 447 3.0
256 448 3.0
256 449 3.0
256 452 3.0
256 460 4.0
256 461 4.0
256 462 3.0
256 474 3.0
256 475 3.0
256 479 3.0
256 484 3.0
256 490 3.0
256 498 3.0
256 505 3.0
256 506 3.0
256 508 3.0
256 523 3.0
256 546 3.0
256 559 3.0
256 568 3.0
256 578 3.0
256 581 3.0
256 582 3.0
256 603 3.0
256 608 3.0
256 640 3.0
256 655 3.0
256 658 3.0
256 660 3.0
256 662 3.0
256 672 3.0
256 673 3.0
256 693 3.0
256 696 2.0
256 708 3.0
256 710 3.0
256 715 3.0
256 720 3.0
256 721 3.0
256 737 3.0
256 743 3.0
256 763 3.0
256 789 3.0
256 806 3.0
256 818 4.0
256 845 3.0
256 864 3.0
256 919 4.0
256 922 4.0
256 933 2.0
256 943 2.0
256 955 2.0
256 959 3.0
256 963 4.0
256 979 4.0
256 985 4.0
257 4 5.0
257 7 4.0
257 8 4.0
257 9 4.0
257 11 5.0
257 12 4.0
257 14 5.0
257 15 3.0
257 20 5.0
257 22 4.0
257 27 4.0
257 31 4.0
257 38 3.0
257 44 4.0
257 45 3.0
257 48 3.0
257 50 4.0
257 51 5.0
257 52 4.0
257 53 4.0
257 54 4.0
257 56 5.0
257 57 4.0
257 58 3.0
257 59 4.0
257 62 5.0
257 64 4.0
257 65 4.0
257 66 4.0
257 70 4.0
257 77 5.0
257 79 4.0
257 82 5.0
257 86 4.0
257 89 5.0
257 91 4.0
257 94 4.0
257 96 5.0
257 97 4.0
257 100 4.0
257 105 4.0
257 111 4.0
257 114 5.0
257 117 5.0
257 118 4.0
257 122 4.0
257 127 5.0
257 134 4.0
257 137 4.0
257 143 5.0
257 144 5.0
257 148 4.0
257 151 4.0
257 155 4.0
257 156 4.0
257 157 5.0
257 161 3.0
257 162 5.0
257 164 4.0
257 168 5.0
257 172 5.0
257 173 5.0
257 174 5.0
257 176 5.0
257 180 4.0
257 181 4.0
257 182 4.0
257 183 5.0
257 185 5.0
257 186 4.0
257 190 4.0
257 191 5.0
257 192 4.0
257 193 3.0
257 194 4.0
257 196 4.0
257 197 4.0
257 200 4.0
257 203 4.0
257 204 5.0
257 209 5.0
257 214 3.0
257 215 3.0
257 216 4.0
257 218 5.0
257 219 4.0
257 223 5.0
257 226 4.0
257 228 5.0
257 229 5.0
257 230 5.0
257 231 3.0
257 232 4.0
257 234 4.0
257 235 4.0
257 237 4.0
257 239 4.0
257 240 5.0
257 241 4.0
257 243 3.0
257 248 5.0
257 257 4.0
257 258 4.0
257 265 5.0
257 282 4.0
257 285 4.0
257 288 5.0
257 304 5.0
257 318 5.0
257 357 5.0
257 370 5.0
257 372 4.0
257 373 3.0
257 378 5.0
257 380 4.0
257 385 5.0
257 393 4.0
257 395 4.0
257 401 4.0
257 402 4.0
257 403 4.0
257 405 4.0
257 410 4.0
257 411 3.0
257 412 4.0
257 417 5.0
257 425 4.0
257 428 5.0
257 436 3.0
257 443 5.0
257 448 5.0
257 450 4.0
257 452 3.0
257 453 3.0
257 455 4.0
257 456 4.0
257 458 3.0
257 462 4.0
257 469 4.0
257 470 4.0
257 471 5.0
257 472 4.0
257 473 3.0
257 474 4.0
257 476 3.0
257 483 5.0
257 500 5.0
257 507 5.0
257 509 4.0
257 527 3.0
257 529 5.0
257 531 5.0
257 540 4.0
257 546 4.0
257 549 4.0
257 553 3.0
257 554 4.0
257 559 3.0
257 566 5.0
257 568 5.0
257 582 3.0
257 584 3.0
257 588 5.0
257 597 4.0
257 623 5.0
257 628 4.0
257 629 4.0
257 631 4.0
257 632 4.0
257 636 4.0
257 640 4.0
257 651 4.0
257 655 5.0
257 658 5.0
257 664 4.0
257 673 5.0
257 679 4.0
257 692 4.0
257 699 4.0
257 704 4.0
257 708 4.0
257 709 5.0
257 717 3.0
257 720 4.0
257 722 5.0
257 727 4.0
257 729 5.0
257 732 4.0
257 739 4.0
257 742 4.0
257 744 4.0
257 747 5.0
257 755 5.0
257 758 3.0
257 769 5.0
257 770 4.0
257 775 4.0
257 783 4.0
257 792 5.0
257 819 2.0
257 825 4.0
257 841 3.0
257 845 3.0
257 871 4.0
257 931 4.0
257 934 3.0
257 948 5.0
257 949 5.0
257 959 5.0
257 980 5.0
258 8 3.0
258 9 4.0
258 12 3.0
258 14 4.0
258 20 4.0
258 23 3.0
258 25 3.0
258 28 4.0
258 32 3.0
258 48 4.0
258 50 3.0
258 57 3.0
258 58 4.0
258 86 3.0
258 96 4.0
258 98 4.0
258 117 3.0
258 121 3.0
258 124 3.0
258 126 3.0
258 127 3.0
258 129 2.0
258 134 3.0
258 143 3.0
258 144 4.0
258 147 3.0
258 152 4.0
258 169 3.0
258 174 4.0
258 178 3.0
258 179 3.0
258 180 3.0
258 182 4.0
258 183 3.0
258 187 4.0
258 189 3.0
258 190 4.0
258 191 4.0
258 192 4.0
258 193 3.0
258 195 3.0
258 203 2.0
258 208 3.0
258 209 3.0
258 234 3.0
258 237 3.0
258 238 4.0
258 245 4.0
258 250 3.0
258 255 3.0
258 273 4.0
258 278 4.0
258 282 4.0
258 284 3.0
258 285 3.0
258 286 4.0
258 287 4.0
258 288 3.0
258 289 3.0
258 293 3.0
258 298 4.0
258 301 4.0
258 304 3.0
258 307 3.0
258 317 4.0
258 318 4.0
258 319 3.0
258 321 3.0
258 333 3.0
258 346 3.0
258 357 4.0
258 387 2.0
258 405 3.0
258 408 3.0
258 410 3.0
258 423 4.0
258 425 3.0
258 427 4.0
258 430 4.0
258 461 4.0
258 467 4.0
258 469 4.0
258 473 3.0
258 474 4.0
258 496 4.0
258 509 2.0
258 514 3.0
258 517 3.0
258 521 4.0
258 526 4.0
258 529 4.0
258 530 3.0
258 546 3.0
258 582 3.0
258 588 4.0
258 589 4.0
258 591 3.0
258 596 2.0
258 603 3.0
258 632 4.0
258 644 3.0
258 648 5.0
258 651 3.0
258 654 3.0
258 663 3.0
258 685 3.0
258 694 4.0
258 696 4.0
258 704 4.0
258 709 3.0
258 717 4.0
258 736 3.0
258 742 3.0
258 744 3.0
258 750 3.0
258 753 4.0
258 792 3.0
258 844 4.0
258 847 4.0
258 896 3.0
258 925 3.0
258 939 3.0
258 952 4.0
258 956 3.0
258 980 2.0
259 1 2.0
259 3 2.0
259 7 2.0
259 8 3.0
259 15 2.0
259 16 3.0
259 19 2.0
259 22 3.0
259 25 2.0
259 79 3.0
259 100 2.0
259 108 2.0
259 111 3.0
259 117 2.0
259 120 3.0
259 121 2.0
259 123 2.0
259 147 4.0
259 148 1.0
259 164 3.0
259 172 2.0
259 174 4.0
259 181 3.0
259 194 3.0
259 216 3.0
259 220 2.0
259 222 2.0
259 225 2.0
259 230 3.0
259 245 3.0
259 249 3.0
259 250 3.0
259 255 3.0
259 258 2.0
259 260 3.0
259 264 3.0
259 274 2.0
259 278 3.0
259 282 2.0
259 286 3.0
259 289 2.0
259 291 3.0
259 295 1.0
259 300 2.0
259 301 3.0
259 322 3.0
259 323 2.0
259 328 2.0
259 332 3.0
259 333 3.0
259 357 3.0
259 358 2.0
259 411 2.0
259 472 3.0
259 473 2.0
259 523 3.0
259 568 3.0
259 596 1.0
259 597 3.0
259 651 2.0
259 676 3.0
259 678 3.0
259 685 2.0
259 687 2.0
259 742 2.0
259 748 3.0
259 815 3.0
259 825 4.0
259 827 1.0
259 846 3.0
259 864 2.0
259 866 2.0
259 873 4.0
259 879 2.0
259 934 3.0
259 969 3.0
259 978 1.0
259 989 2.0
259 993 1.0
260 1 4.0
260 7 4.0
260 10 4.0
260 14 4.0
260 20 4.0
260 117 4.0
260 127 4.0
260 129 4.0
260 146 4.0
260 149 4.0
260 224 4.0
260 242 4.0
260 250 4.0
260 253 4.0
260 257 4.0
260 258 4.0
260 273 4.0
260 275 4.0
260 276 4.0
260 279 4.0
260 285 4.0
260 286 4.0
260 289 4.0
260 293 4.0
260 294 4.0
260 297 4.0
260 301 4.0
260 303 4.0
260 307 4.0
260 311 4.0
260 322 4.0
260 458 4.0
260 515 4.0
260 532 4.0
260 591 4.0
260 676 4.0
260 713 4.0
260 744 4.0
260 847 4.0
261 9 3.0
261 50 3.0
261 121 2.0
261 242 2.0
261 255 3.0
261 285 2.0
261 302 3.0
261 304 3.0
261 313 2.0
261 319 3.0
261 321 3.0
262 11 4.0
262 100 5.0
262 237 4.0
262 259 5.0
262 271 4.0
262 272 4.0
262 288 3.0
262 289 4.0
262 292 4.0
262 300 4.0
262 310 5.0
262 313 4.0
262 315 3.0
262 323 4.0
262 330 5.0
262 332 3.0
262 678 3.0
262 866 4.0
262 895 4.0
263 3 2.0
263 7 4.0
263 13 3.0
263 14 4.0
263 15 4.0
263 20 3.0
263 21 3.0
263 24 3.0
263 50 3.0
263 93 4.0
263 100 2.0
263 103 3.0
263 107 3.0
263 112 4.0
263 116 4.0
263 117 2.0
263 121 3.0
263 124 3.0
263 126 4.0
263 137 3.0
263 147 4.0
263 149 3.0
263 150 3.0
263 151 3.0
263 221 4.0
263 224 4.0
263 225 2.0
263 235 3.0
263 242 4.0
263 243 4.0
263 244 2.0
263 249 3.0
263 250 3.0
263 253 3.0
263 257 4.0
263 258 3.0
263 268 4.0
263 270 2.0
263 274 2.0
263 283 2.0
263 284 3.0
263 285 3.0
263 288 3.0
263 301 2.0
263 304 3.0
263 306 4.0
263 310 4.0
263 311 2.0
263 319 2.0
263 347 3.0
263 362 5.0
263 410 3.0
263 455 3.0
263 472 4.0
263 473 4.0
263 475 3.0
263 477 3.0
263 508 3.0
263 544 3.0
263 593 3.0
263 597 3.0
263 689 2.0
263 741 3.0
263 744 3.0
263 751 3.0
263 813 3.0
263 819 3.0
263 845 3.0
263 864 2.0
263 870 2.0
263 880 2.0
263 887 3.0
263 926 4.0
263 930 4.0
263 950 4.0
263 952 3.0
263 988 2.0
263 993 2.0
264 16 4.0
264 116 5.0
264 176 5.0
264 181 4.0
264 248 5.0
264 258 5.0
264 260 4.0
264 264 4.0
264 269 5.0
264 286 4.0
264 289 4.0
264 294 4.0
264 298 4.0
264 300 4.0
264 302 4.0
264 321 4.0
264 322 4.0
264 326 4.0
264 328 4.0
264 333 4.0
264 482 4.0
264 603 4.0
264 678 4.0
264 705 4.0
264 709 4.0
264 879 4.0
264 984 4.0
265 1 3.0
265 7 4.0
265 8 3.0
265 12 3.0
265 22 3.0
265 32 3.0
265 50 3.0
265 56 3.0
265 64 3.0
265 87 3.0
265 97 3.0
265 100 3.0
265 114 3.0
265 132 3.0
265 134 3.0
265 136 3.0
265 143 3.0
265 154 3.0
265 169 3.0
265 172 3.0
265 174 3.0
265 175 3.0
265 179 3.0
265 180 3.0
265 181 3.0
265 190 3.0
265 191 3.0
265 194 3.0
265 198 3.0
265 199 3.0
265 202 3.0
265 216 3.0
265 257 3.0
265 258 3.0
265 283 3.0
265 286 3.0
265 300 3.0
265 318 3.0
265 319 3.0
265 395 3.0
265 404 3.0
265 428 3.0
265 474 3.0
265 475 3.0
265 477 3.0
265 478 3.0
265 481 3.0
265 496 3.0
265 511 3.0
265 525 3.0
265 529 3.0
265 584 3.0
265 588 3.0
265 603 3.0
265 615 3.0
265 638 3.0
265 651 3.0
265 855 3.0
266 2 3.0
266 11 4.0
266 22 5.0
266 24 5.0
266 27 3.0
266 50 4.0
266 55 5.0
266 56 4.0
266 62 5.0
266 68 3.0
266 79 5.0
266 82 4.0
266 87 5.0
266 89 4.0
266 95 5.0
266 96 5.0
266 98 4.0
266 117 4.0
266 127 4.0
266 144 5.0
266 172 4.0
266 174 5.0
266 176 5.0
266 182 4.0
266 183 3.0
266 184 3.0
266 187 4.0
266 188 5.0
266 210 4.0
266 231 4.0
266 232 3.0
266 258 4.0
266 265 3.0
266 268 4.0
266 269 4.0
266 273 3.0
266 288 4.0
266 292 4.0
266 294 4.0
266 302 3.0
266 306 5.0
266 308 4.0
266 313 4.0
266 315 3.0
266 321 4.0
266 324 4.0
266 326 4.0
266 327 3.0
266 328 4.0
266 331 4.0
266 333 4.0
266 334 4.0
266 344 4.0
266 346 4.0
266 349 4.0
266 350 4.0
266 354 4.0
266 385 4.0
266 405 4.0
266 455 5.0
266 518 5.0
266 546 4.0
266 550 3.0
266 566 3.0
266 568 5.0
266 651 5.0
266 682 4.0
266 748 4.0
266 873 4.0
266 882 5.0
266 885 4.0
266 898 4.0
266 908 2.0
267 1 5.0
267 10 5.0
267 24 5.0
267 50 5.0
267 93 5.0
267 108 4.0
267 109 4.0
267 117 5.0
267 124 5.0
267 150 4.0
267 240 5.0
267 246 5.0
267 248 5.0
267 249 5.0
267 257 5.0
267 264 5.0
267 268 4.0
267 273 4.0
267 288 5.0
267 298 4.0
267 340 5.0
267 455 5.0
267 475 5.0
267 742 5.0
267 762 4.0
267 919 4.0
268 1 4.0
268 4 5.0
268 7 4.0
268 8 5.0
268 12 4.0
268 13 4.0
268 15 4.0
268 19 5.0
268 22 5.0
268 23 4.0
268 25 4.0
268 31 4.0
268 39 4.0
268 42 5.0
268 47 4.0
268 51 4.0
268 56 4.0
268 58 4.0
268 69 4.0
268 70 5.0
268 71 5.0
268 95 5.0
268 96 5.0
268 97 5.0
268 98 4.0
268 100 4.0
268 111 4.0
268 116 5.0
268 118 5.0
268 121 5.0
268 126 4.0
268 132 4.0
268 137 4.0
268 144 4.0
268 150 5.0
268 153 4.0
268 159 5.0
268 160 5.0
268 170 4.0
268 172 4.0
268 173 5.0
268 178 4.0
268 180 4.0
268 181 4.0
268 182 4.0
268 191 4.0
268 195 5.0
268 200 4.0
268 209 4.0
268 214 4.0
268 216 5.0
268 222 5.0
268 238 4.0
268 249 4.0
268 251 4.0
268 257 5.0
268 258 5.0
268 273 4.0
268 275 5.0
268 283 4.0
268 285 4.0
268 294 4.0
268 297 4.0
268 318 5.0
268 321 5.0
268 357 4.0
268 367 5.0
268 372 4.0
268 377 1.0
268 405 4.0
268 411 4.0
268 423 5.0
268 427 4.0
268 428 4.0
268 435 4.0
268 461 4.0
268 462 5.0
268 469 4.0
268 471 5.0
268 475 5.0
268 498 4.0
268 507 4.0
268 529 4.0
268 544 4.0
268 582 5.0
268 603 4.0
268 612 4.0
268 642 4.0
268 655 4.0
268 692 5.0
268 699 4.0
268 724 4.0
268 742 4.0
268 826 2.0
268 856 5.0
268 926 5.0
268 952 5.0
269 10 5.0
269 64 5.0
269 65 5.0
269 127 4.0
269 134 4.0
269 136 5.0
269 153 5.0
269 173 5.0
269 194 5.0
269 286 5.0
269 306 5.0
269 474 5.0
269 483 5.0
269 484 4.0
269 490 5.0
269 495 5.0
269 499 5.0
269 507 5.0
269 511 5.0
269 513 5.0
269 520 5.0
269 582 5.0
269 605 4.0
269 610 5.0
269 611 5.0
269 641 4.0
269 654 5.0
269 705 5.0
269 855 4.0
270 9 3.0
270 13 3.0
270 19 3.0
270 50 3.0
270 93 3.0
270 100 4.0
270 118 4.0
270 125 3.0
270 137 3.0
270 150 3.0
270 221 3.0
270 235 3.0
270 246 3.0
270 248 3.0
270 257 3.0
270 258 3.0
270 276 3.0
270 283 3.0
270 284 4.0
270 285 3.0
270 286 4.0
270 288 3.0
270 293 3.0
270 294 3.0
270 295 3.0
270 360 3.0
270 458 3.0
270 471 3.0
270 475 3.0
270 508 3.0
270 544 3.0
270 546 3.0
270 813 3.0
270 847 3.0
270 919 3.0
270 950 3.0
270 952 3.0
271 1 4.0
271 50 4.0
271 99 4.0
271 102 4.0
271 140 4.0
271 151 4.0
271 225 4.0
271 404 4.0
271 422 3.0
271 465 4.0
271 477 4.0
271 588 4.0
271 596 4.0
271 768 4.0
271 878 4.0
271 932 4.0
271 969 4.0
272 1 5.0
272 2 4.0
272 3 5.0
272 4 3.0
272 7 4.0
272 11 5.0
272 12 4.0
272 21 3.0
272 24 4.0
272 27 4.0
272 28 4.0
272 29 4.0
272 33 4.0
272 38 5.0
272 41 4.0
272 43 4.0
272 49 4.0
272 51 5.0
272 56 4.0
272 63 3.0
272 64 5.0
272 66 4.0
272 68 4.0
272 69 4.0
272 71 4.0
272 72 4.0
272 73 4.0
272 78 3.0
272 79 5.0
272 80 4.0
272 82 3.0
272 88 4.0
272 90 4.0
272 94 4.0
272 97 3.0
272 99 4.0
272 101 5.0
272 109 3.0
272 117 3.0
272 118 4.0
272 120 5.0
272 122 4.0
272 123 3.0
272 132 4.0
272 135 4.0
272 141 4.0
272 151 3.0
272 161 4.0
272 168 4.0
272 172 4.0
272 173 5.0
272 174 5.0
272 175 4.0
272 177 4.0
272 181 3.0
272 183 4.0
272 185 5.0
272 186 5.0
272 193 5.0
272 195 4.0
272 196 4.0
272 204 5.0
272 210 4.0
272 215 4.0
272 217 4.0
272 218 3.0
272 226 4.0
272 228 4.0
272 229 4.0
272 232 4.0
272 233 4.0
272 234 4.0
272 239 4.0
272 240 3.0
272 250 4.0
272 254 4.0
272 255 4.0
272 258 5.0
272 260 4.0
272 271 5.0
272 288 4.0
272 313 4.0
272 318 5.0
272 323 5.0
272 343 4.0
272 355 4.0
272 358 4.0
272 362 3.0
272 365 5.0
272 368 4.0
272 370 5.0
272 373 4.0
272 374 4.0
272 375 2.0
272 378 4.0
272 380 3.0
272 384 5.0
272 386 5.0
272 391 4.0
272 392 4.0
272 393 4.0
272 395 4.0
272 400 1.0
272 401 5.0
272 404 3.0
272 411 5.0
272 416 5.0
272 417 3.0
272 418 5.0
272 431 4.0
272 443 4.0
272 449 4.0
272 455 4.0
272 465 4.0
272 473 4.0
272 475 4.0
272 477 3.0
272 485 4.0
272 496 5.0
272 501 5.0
272 540 4.0
272 541 4.0
272 546 4.0
272 548 4.0
272 550 4.0
272 552 4.0
272 559 4.0
272 561 3.0
272 562 4.0
272 567 4.0
272 568 3.0
272 569 3.0
272 576 4.0
272 577 5.0
272 578 4.0
272 584 5.0
272 588 3.0
272 597 4.0
272 625 4.0
272 633 4.0
272 655 5.0
272 658 5.0
272 665 4.0
272 672 4.0
272 682 5.0
272 685 4.0
272 715 5.0
272 720 4.0
272 739 4.0
272 742 5.0
272 743 3.0
272 747 4.0
272 748 4.0
272 751 4.0
272 755 5.0
272 756 4.0
272 758 3.0
272 760 4.0
272 763 4.0
272 768 4.0
272 771 4.0
272 780 3.0
272 790 5.0
272 796 3.0
272 810 5.0
272 826 4.0
272 834 5.0
272 877 3.0
272 890 4.0
272 895 5.0
272 924 4.0
272 928 4.0
272 930 4.0
272 931 3.0
272 940 3.0
272 951 3.0
272 977 5.0
273 9 4.0
273 14 3.0
273 25 3.0
273 116 3.0
273 124 3.0
273 129 3.0
273 137 3.0
273 242 4.0
273 257 3.0
273 273 4.0
273 275 4.0
273 276 4.0
273 293 4.0
273 302 4.0
273 303 4.0
273 319 3.0
273 321 3.0
273 327 4.0
273 508 3.0
273 547 4.0
274 7 4.0
274 8 4.0
274 11 4.0
274 12 4.0
274 13 4.0
274 14 4.0
274 15 4.0
274 22 4.0
274 23 4.0
274 26 4.0
274 42 4.0
274 44 4.0
274 45 4.0
274 48 4.0
274 50 4.0
274 52 4.0
274 58 4.0
274 60 4.0
274 61 4.0
274 64 4.0
274 66 4.0
274 68 4.0
274 69 4.0
274 71 4.0
274 72 4.0
274 73 4.0
274 76 4.0
274 77 4.0
274 79 4.0
274 83 4.0
274 86 4.0
274 87 4.0
274 88 4.0
274 89 4.0
274 92 4.0
274 97 4.0
274 98 4.0
274 99 4.0
274 100 4.0
274 107 4.0
274 116 4.0
274 121 4.0
274 131 4.0
274 132 4.0
274 134 4.0
274 135 4.0
274 136 4.0
274 141 4.0
274 150 4.0
274 161 4.0
274 170 4.0
274 171 4.0
274 172 4.0
274 173 4.0
274 175 4.0
274 176 4.0
274 178 4.0
274 179 4.0
274 180 4.0
274 181 4.0
274 182 4.0
274 183 4.0
274 191 4.0
274 192 4.0
274 193 4.0
274 194 4.0
274 195 4.0
274 196 4.0
274 198 4.0
274 199 4.0
274 203 4.0
274 205 4.0
274 207 4.0
274 208 4.0
274 209 4.0
274 210 4.0
274 211 4.0
274 212 4.0
274 215 4.0
274 216 4.0
274 218 4.0
274 221 4.0
274 227 4.0
274 230 4.0
274 234 4.0
274 237 4.0
274 238 4.0
274 244 4.0
274 248 4.0
274 252 4.0
274 257 4.0
274 258 4.0
274 274 4.0
274 275 4.0
274 276 4.0
274 282 4.0
274 283 4.0
274 285 4.0
274 286 4.0
274 288 4.0
274 289 4.0
274 291 4.0
274 293 4.0
274 298 4.0
274 302 4.0
274 313 4.0
274 315 4.0
274 316 4.0
274 317 4.0
274 322 4.0
274 326 4.0
274 346 4.0
274 356 4.0
274 380 4.0
274 382 4.0
274 385 4.0
274 410 4.0
274 414 4.0
274 416 4.0
274 418 4.0
274 419 4.0
274 430 4.0
274 434 4.0
274 435 4.0
274 436 4.0
274 461 4.0
274 463 4.0
274 470 4.0
274 474 4.0
274 475 4.0
274 478 4.0
274 480 4.0
274 481 4.0
274 483 4.0
274 484 4.0
274 486 4.0
274 488 4.0
274 489 4.0
274 490 4.0
274 491 4.0
274 493 4.0
274 495 4.0
274 496 4.0
274 497 4.0
274 498 4.0
274 499 4.0
274 503 4.0
274 506 4.0
274 507 4.0
274 508 4.0
274 510 4.0
274 511 4.0
274 513 4.0
274 514 4.0
274 517 4.0
274 518 4.0
274 519 4.0
274 520 4.0
274 521 4.0
274 525 4.0
274 526 4.0
274 527 4.0
274 528 4.0
274 529 4.0
274 530 4.0
274 553 4.0
274 566 4.0
274 584 4.0
274 591 4.0
274 601 4.0
274 602 4.0
274 603 4.0
274 604 4.0
274 605 4.0
274 607 4.0
274 610 4.0
274 614 4.0
274 615 4.0
274 617 4.0
274 618 4.0
274 628 4.0
274 633 4.0
274 641 3.0
274 642 4.0
274 646 4.0
274 648 4.0
274 649 4.0
274 651 4.0
274 653 4.0
274 657 4.0
274 659 4.0
274 660 4.0
274 661 4.0
274 664 4.0
274 676 4.0
274 684 4.0
274 685 4.0
274 692 4.0
274 696 4.0
274 697 4.0
274 699 4.0
274 705 4.0
274 707 4.0
274 708 4.0
274 709 4.0
274 735 4.0
274 736 4.0
274 744 4.0
274 756 4.0
274 789 4.0
274 792 4.0
274 836 4.0
274 848 5.0
274 921 4.0
274 923 4.0
274 939 4.0
274 943 5.0
274 945 4.0
274 963 4.0
274 966 4.0
274 971 4.0
274 996 4.0
275 50 4.0
275 70 4.0
275 100 3.0
275 259 2.0
275 315 4.0
275 347 4.0
275 381 2.0
276 4 3.0
276 26 3.0
276 33 2.0
276 42 3.0
276 56 3.0
276 67 3.0
276 72 3.0
276 73 3.0
276 80 3.0
276 83 3.0
276 85 3.0
276 88 3.0
276 168 3.0
276 173 3.0
276 175 3.0
276 186 3.0
276 194 3.0
276 202 3.0
276 208 3.0
276 209 2.0
276 211 3.0
276 216 3.0
276 232 3.0
276 238 4.0
276 239 3.0
276 288 3.0
276 300 3.0
276 328 4.0
276 343 3.0
276 367 3.0
276 386 2.0
276 579 4.0
276 585 3.0
276 648 3.0
276 655 3.0
276 692 3.0
276 710 2.0
276 712 3.0
276 715 2.0
276 734 2.0
276 738 2.0
276 748 3.0
276 765 2.0
276 781 3.0
276 790 3.0
276 792 2.0
276 944 3.0
276 999 3.0
277 20 4.0
277 25 4.0
277 36 2.0
277 88 4.0
277 90 4.0
277 237 4.0
277 255 4.0
277 280 4.0
277 282 4.0
277 289 4.0
277 294 4.0
277 553 4.0
277 709 4.0
277 722 4.0
277 724 4.0
277 732 4.0
277 778 4.0
277 781 4.0
277 815 4.0
277 846 4.0
278 1 4.0
278 7 4.0
278 17 4.0
278 23 4.0
278 26 4.0
278 28 4.0
278 40 5.0
278 41 4.0
278 42 4.0
278 48 4.0
278 50 4.0
278 65 4.0
278 72 4.0
278 77 4.0
278 79 5.0
278 81 4.0
278 93 4.0
278 98 4.0
278 111 4.0
278 122 4.0
278 134 4.0
278 137 4.0
278 143 5.0
278 145 4.0
278 151 4.0
278 160 4.0
278 161 4.0
278 168 4.0
278 188 3.0
278 196 4.0
278 216 4.0
278 218 4.0
278 219 4.0
278 222 4.0
278 231 4.0
278 237 4.0
278 238 4.0
278 276 4.0
278 288 4.0
278 300 4.0
278 318 4.0
278 327 4.0
278 340 4.0
278 350 5.0
278 354 5.0
278 357 4.0
278 367 4.0
278 369 4.0
278 392 4.0
278 403 3.0
278 410 4.0
278 412 4.0
278 427 4.0
278 447 3.0
278 451 4.0
278 467 4.0
278 469 3.0
278 518 5.0
278 568 5.0
278 591 4.0
278 604 4.0
278 616 4.0
278 655 4.0
278 658 5.0
278 673 4.0
278 684 4.0
278 739 4.0
278 743 4.0
278 763 5.0
278 843 4.0
278 866 4.0
278 959 4.0
278 975 4.0
279 1 2.0
279 8 4.0
279 24 4.0
279 28 3.0
279 31 4.0
279 50 3.0
279 54 4.0
279 55 4.0
279 58 3.0
279 66 3.0
279 70 4.0
279 71 4.0
279 79 3.0
279 82 3.0
279 88 4.0
279 89 3.0
279 95 3.0
279 96 3.0
279 97 3.0
279 100 4.0
279 101 4.0
279 108 4.0
279 111 3.0
279 117 4.0
279 118 3.0
279 121 4.0
279 122 3.0
279 127 4.0
279 133 4.0
279 135 4.0
279 147 3.0
279 148 4.0
279 161 4.0
279 168 3.0
279 172 3.0
279 173 3.0
279 174 3.0
279 175 3.0
279 176 4.0
279 177 4.0
279 179 4.0
279 180 4.0
279 181 2.0
279 182 3.0
279 183 3.0
279 185 3.0
279 187 3.0
279 188 4.0
279 189 4.0
279 190 3.0
279 195 3.0
279 197 3.0
279 198 3.0
279 201 3.0
279 204 3.0
279 209 3.0
279 210 3.0
279 211 3.0
279 213 4.0
279 215 4.0
279 216 4.0
279 226 4.0
279 228 3.0
279 230 3.0
279 241 4.0
279 248 3.0
279 249 3.0
279 255 3.0
279 257 4.0
279 258 4.0
279 261 4.0
279 264 3.0
279 265 3.0
279 266 3.0
279 270 3.0
279 272 4.0
279 281 3.0
279 282 4.0
279 283 3.0
279 286 3.0
279 288 3.0
279 294 3.0
279 295 4.0
279 298 4.0
279 300 3.0
279 304 3.0
279 318 3.0
279 324 4.0
279 328 4.0
279 356 3.0
279 358 3.0
279 380 3.0
279 385 3.0
279 398 3.0
279 405 4.0
279 421 4.0
279 422 3.0
279 423 3.0
279 436 3.0
279 455 4.0
279 463 4.0
279 472 4.0
279 479 4.0
279 483 3.0
279 489 3.0
279 500 4.0
279 510 4.0
279 511 3.0
279 523 3.0
279 526 3.0
279 528 3.0
279 535 3.0
279 546 4.0
279 566 4.0
279 588 3.0
279 602 3.0
279 604 3.0
279 616 4.0
279 629 3.0
279 632 4.0
279 640 3.0
279 651 4.0
279 655 4.0
279 680 4.0
279 688 4.0
279 692 4.0
279 727 3.0
279 732 3.0
279 739 4.0
279 748 3.0
279 751 4.0
279 752 3.0
279 840 4.0
279 879 3.0
279 931 3.0
279 945 3.0
280 8 4.0
280 12 4.0
280 64 4.0
280 96 4.0
280 100 4.0
280 114 4.0
280 127 4.0
280 165 4.0
280 166 4.0
280 172 4.0
280 175 4.0
280 183 4.0
280 190 4.0
280 191 4.0
280 203 4.0
280 213 4.0
280 237 4.0
280 257 4.0
280 265 4.0
280 272 4.0
280 294 4.0
280 298 4.0
280 319 4.0
280 347 4.0
280 462 4.0
280 479 4.0
280 483 4.0
280 504 4.0
280 510 4.0
280 511 4.0
280 517 4.0
280 603 4.0
280 615 4.0
280 642 4.0
280 661 4.0
280 705 4.0
280 863 4.0
281 42 4.0
281 50 4.0
281 66 4.0
281 70 4.0
281 86 4.0
281 100 4.0
281 153 4.0
281 163 4.0
281 173 5.0
281 190 4.0
281 197 5.0
281 204 4.0
281 207 4.0
281 210 4.0
281 238 4.0
281 283 4.0
281 313 4.0
281 318 5.0
281 322 4.0
281 367 4.0
281 427 5.0
281 430 4.0
281 435 4.0
281 479 4.0
281 484 4.0
281 505 4.0
281 507 4.0
281 514 4.0
281 524 4.0
281 596 4.0
281 648 4.0
281 650 4.0
281 678 4.0
281 780 4.0
282 50 3.0
282 127 4.0
282 257 3.0
282 288 4.0
282 289 4.0
282 295 4.0
282 298 4.0
282 301 4.0
282 321 4.0
282 748 3.0
282 876 4.0
282 881 4.0
283 1 4.0
283 12 4.0
283 20 5.0
283 99 4.0
283 107 4.0
283 116 4.0
283 121 4.0
283 144 3.0
283 151 4.0
283 180 4.0
283 181 4.0
283 195 3.0
283 197 4.0
283 199 4.0
283 229 3.0
283 230 4.0
283 237 4.0
283 249 4.0
283 250 4.0
283 257 4.0
283 270 3.0
283 271 4.0
283 277 4.0
283 286 5.0
283 290 3.0
283 318 4.0
283 365 3.0
283 380 4.0
283 405 4.0
283 432 4.0
283 449 4.0
283 462 4.0
283 480 4.0
283 538 3.0
283 582 3.0
283 612 4.0
283 743 4.0
283 900 4.0
284 1 5.0
284 7 5.0
284 9 5.0
284 15 4.0
284 24 4.0
284 25 5.0
284 28 5.0
284 29 4.0
284 50 5.0
284 51 4.0
284 53 4.0
284 56 4.0
284 70 4.0
284 71 5.0
284 73 5.0
284 79 5.0
284 82 5.0
284 94 4.0
284 96 5.0
284 97 5.0
284 98 5.0
284 111 4.0
284 122 5.0
284 135 5.0
284 136 4.0
284 143 5.0
284 144 4.0
284 150 5.0
284 151 4.0
284 168 4.0
284 173 5.0
284 174 5.0
284 181 4.0
284 195 5.0
284 202 5.0
284 204 5.0
284 216 5.0
284 222 5.0
284 227 5.0
284 229 5.0
284 230 4.0
284 234 4.0
284 235 4.0
284 237 5.0
284 239 5.0
284 248 4.0
284 250 4.0
284 252 5.0
284 255 5.0
284 257 4.0
284 258 4.0
284 265 5.0
284 274 4.0
284 275 5.0
284 293 5.0
284 294 4.0
284 300 4.0
284 313 5.0
284 315 5.0
284 318 5.0
284 343 4.0
284 385 5.0
284 392 5.0
284 399 5.0
284 405 4.0
284 419 4.0
284 422 4.0
284 427 5.0
284 431 5.0
284 449 5.0
284 451 4.0
284 463 4.0
284 472 4.0
284 510 4.0
284 550 5.0
284 560 4.0
284 562 4.0
284 568 5.0
284 578 5.0
284 588 5.0
284 597 4.0
284 625 5.0
284 651 4.0
284 655 5.0
284 665 4.0
284 679 5.0
284 692 4.0
284 699 4.0
284 746 5.0
284 755 5.0
284 778 5.0
284 823 5.0
284 829 5.0
284 849 5.0
284 879 5.0
284 926 4.0
285 245 2.0
285 288 3.0
285 289 2.0
285 294 2.0
285 303 2.0
285 313 3.0
285 321 3.0
285 326 3.0
285 330 3.0
285 341 2.0
285 748 2.0
286 1 3.0
286 3 2.0
286 7 3.0
286 10 2.0
286 13 3.0
286 14 4.0
286 15 3.0
286 20 4.0
286 93 4.0
286 109 4.0
286 111 2.0
286 117 3.0
286 121 3.0
286 123 3.0
286 124 4.0
286 127 3.0
286 129 2.0
286 137 3.0
286 146 4.0
286 147 4.0
286 150 4.0
286 151 3.0
286 181 3.0
286 220 2.0
286 221 4.0
286 235 4.0
286 236 4.0
286 237 3.0
286 245 4.0
286 248 3.0
286 250 3.0
286 255 3.0
286 257 3.0
286 258 3.0
286 262 3.0
286 264 2.0
286 270 2.0
286 273 3.0
286 275 3.0
286 276 3.0
286 277 4.0
286 280 3.0
286 282 3.0
286 284 3.0
286 285 3.0
286 286 4.0
286 287 4.0
286 295 3.0
286 298 3.0
286 299 4.0
286 300 4.0
286 305 2.0
286 319 2.0
286 321 2.0
286 322 3.0
286 327 2.0
286 331 4.0
286 332 2.0
286 333 3.0
286 336 3.0
286 471 2.0
286 475 3.0
286 476 2.0
286 508 3.0
286 591 2.0
286 595 3.0
286 597 3.0
286 620 2.0
286 628 3.0
286 678 3.0
286 689 4.0
286 696 2.0
286 717 4.0
286 718 4.0
286 742 3.0
286 748 3.0
286 762 2.0
286 766 4.0
286 818 4.0
286 823 3.0
286 845 3.0
286 846 2.0
286 864 2.0
286 872 4.0
286 874 4.0
286 879 3.0
286 880 4.0
286 882 3.0
286 886 4.0
286 887 4.0
286 924 3.0
286 935 3.0
286 975 3.0
286 994 2.0
286 995 4.0
287 1 5.0
287 2 3.0
287 3 3.0
287 4 4.0
287 12 5.0
287 17 3.0
287 25 3.0
287 28 3.0
287 31 3.0
287 38 3.0
287 42 5.0
287 43 3.0
287 45 4.0
287 48 4.0
287 49 4.0
287 50 3.0
287 55 2.0
287 56 4.0
287 58 4.0
287 66 3.0
287 68 4.0
287 69 4.0
287 71 4.0
287 73 2.0
287 76 4.0
287 77 4.0
287 79 4.0
287 81 4.0
287 82 5.0
287 87 4.0
287 88 4.0
287 92 2.0
287 95 3.0
287 96 4.0
287 97 3.0
287 99 4.0
287 100 4.0
287 111 4.0
287 117 4.0
287 121 4.0
287 125 4.0
287 128 5.0
287 133 5.0
287 136 4.0
287 140 4.0
287 143 4.0
287 144 4.0
287 150 4.0
287 160 4.0
287 161 3.0
287 172 3.0
287 174 5.0
287 176 5.0
287 179 4.0
287 181 5.0
287 183 5.0
287 188 4.0
287 191 5.0
287 194 3.0
287 195 4.0
287 196 4.0
287 202 3.0
287 206 5.0
287 215 4.0
287 216 4.0
287 222 3.0
287 226 4.0
287 227 4.0
287 230 4.0
287 232 4.0
287 237 2.0
287 239 4.0
287 249 3.0
287 252 4.0
287 255 3.0
287 257 4.0
287 258 4.0
287 259 2.0
287 260 5.0
287 265 4.0
287 270 4.0
287 272 5.0
287 273 5.0
287 276 4.0
287 280 5.0
287 282 4.0
287 286 5.0
287 288 4.0
287 289 4.0
287 293 5.0
287 294 4.0
287 298 4.0
287 300 4.0
287 318 4.0
287 333 3.0
287 347 4.0
287 356 2.0
287 366 4.0
287 367 5.0
287 378 4.0
287 402 4.0
287 403 3.0
287 404 4.0
287 411 4.0
287 412 5.0
287 419 4.0
287 423 5.0
287 432 4.0
287 455 4.0
287 462 4.0
287 470 4.0
287 471 4.0
287 474 4.0
287 501 4.0
287 540 4.0
287 541 4.0
287 546 4.0
287 549 4.0
287 550 2.0
287 566 5.0
287 572 5.0
287 578 3.0
287 586 3.0
287 588 4.0
287 591 4.0
287 596 3.0
287 597 4.0
287 620 2.0
287 627 3.0
287 628 4.0
287 652 4.0
287 658 3.0
287 672 3.0
287 679 3.0
287 684 4.0
287 685 4.0
287 686 4.0
287 692 5.0
287 710 2.0
287 713 5.0
287 727 4.0
287 732 4.0
287 735 4.0
287 742 4.0
287 747 2.0
287 748 3.0
287 768 3.0
287 772 4.0
287 779 3.0
287 781 5.0
287 790 4.0
287 794 2.0
287 820 3.0
287 823 2.0
287 833 5.0
287 845 3.0
287 932 5.0
287 939 4.0
287 941 4.0
287 956 4.0
287 978 2.0
288 1 4.0
288 8 3.0
288 11 4.0
288 22 3.0
288 28 4.0
288 33 4.0
288 50 4.0
288 58 4.0
288 64 4.0
288 69 4.0
288 70 3.0
288 83 3.0
288 87 4.0
288 96 3.0
288 98 4.0
288 100 4.0
288 111 3.0
288 133 2.0
288 135 3.0
288 154 3.0
288 164 4.0
288 168 4.0
288 172 3.0
288 173 4.0
288 176 3.0
288 180 4.0
288 181 3.0
288 182 4.0
288 183 3.0
288 185 4.0
288 186 3.0
288 187 3.0
288 190 4.0
288 196 3.0
288 198 3.0
288 199 4.0
288 200 4.0
288 203 3.0
288 207 4.0
288 210 4.0
288 211 4.0
288 222 3.0
288 228 3.0
288 230 3.0
288 238 4.0
288 243 3.0
288 245 3.0
288 258 4.0
288 259 4.0
288 260 4.0
288 265 3.0
288 269 4.0
288 292 5.0
288 299 4.0
288 304 4.0
288 318 4.0
288 328 3.0
288 333 2.0
288 358 3.0
288 385 4.0
288 405 3.0
288 414 2.0
288 419 3.0
288 429 3.0
288 434 4.0
288 468 4.0
288 474 4.0
288 480 4.0
288 483 4.0
288 485 3.0
288 491 3.0
288 493 3.0
288 496 3.0
288 498 3.0
288 500 3.0
288 510 3.0
288 511 3.0
288 514 4.0
288 515 3.0
288 520 4.0
288 521 4.0
288 523 4.0
288 526 3.0
288 527 4.0
288 568 3.0
288 605 4.0
288 612 3.0
288 655 4.0
288 659 4.0
288 662 4.0
288 692 3.0
288 707 4.0
288 724 4.0
288 732 3.0
288 776 2.0
288 845 2.0
288 880 5.0
288 890 4.0
289 243 3.0
289 258 4.0
289 259 4.0
289 260 5.0
289 261 4.0
289 263 4.0
289 264 4.0
289 266 5.0
289 268 4.0
289 271 4.0
289 272 4.0
289 286 4.0
289 288 3.0
289 292 5.0
289 294 3.0
289 301 4.0
289 302 4.0
289 304 4.0
289 308 4.0
289 310 4.0
289 313 4.0
289 315 4.0
289 316 3.0
289 319 3.0
289 321 4.0
289 324 4.0
289 325 3.0
289 326 3.0
289 327 4.0
289 330 4.0
289 331 4.0
289 332 4.0
289 333 4.0
289 334 4.0
289 339 3.0
289 340 4.0
289 342 4.0
289 343 4.0
289 349 5.0
289 353 5.0
289 355 4.0
289 358 3.0
289 457 4.0
289 538 4.0
289 678 4.0
289 680 5.0
289 681 5.0
289 682 3.0
289 687 3.0
289 689 4.0
289 748 4.0
289 750 3.0
289 751 3.0
289 752 3.0
289 872 4.0
289 873 4.0
289 874 4.0
289 875 3.0
289 878 4.0
289 881 5.0
289 883 4.0
289 887 4.0
289 890 5.0
289 892 3.0
289 902 5.0
289 948 4.0
289 988 3.0
289 989 5.0
289 991 2.0
290 1 3.0
290 9 2.0
290 15 3.0
290 50 3.0
290 93 3.0
290 117 3.0
290 124 3.0
290 126 2.0
290 127 3.0
290 137 3.0
290 150 3.0
290 151 2.0
290 181 3.0
290 224 3.0
290 237 3.0
290 258 2.0
290 273 3.0
290 277 3.0
290 284 2.0
290 286 2.0
290 292 3.0
290 293 3.0
290 298 3.0
290 302 2.0
290 333 3.0
290 410 2.0
290 455 3.0
290 473 2.0
290 475 2.0
290 596 3.0
290 741 3.0
290 764 3.0
290 847 2.0
290 919 3.0
290 926 3.0
290 993 3.0
291 45 3.0
291 100 2.0
291 124 4.0
291 129 2.0
291 190 3.0
291 237 3.0
291 258 2.0
291 273 2.0
291 285 2.0
291 286 3.0
291 340 4.0
291 475 3.0
291 657 2.0
291 696 2.0
291 900 4.0
292 45 4.0
292 56 3.0
292 69 3.0
292 83 4.0
292 86 3.0
292 97 4.0
292 100 4.0
292 124 4.0
292 127 3.0
292 131 4.0
292 137 3.0
292 186 4.0
292 187 4.0
292 192 4.0
292 193 4.0
292 205 4.0
292 212 3.0
292 221 3.0
292 242 3.0
292 285 4.0
292 286 4.0
292 291 4.0
292 318 3.0
292 479 4.0
292 482 4.0
292 483 4.0
292 492 4.0
292 511 4.0
292 523 3.0
292 527 4.0
292 528 4.0
292 531 4.0
292 654 4.0
292 772 4.0
293 1 3.0
293 7 4.0
293 11 4.0
293 12 4.0
293 22 4.0
293 24 4.0
293 48 4.0
293 50 4.0
293 59 3.0
293 60 4.0
293 65 4.0
293 69 4.0
293 71 4.0
293 79 3.0
293 82 3.0
293 91 4.0
293 95 3.0
293 96 4.0
293 98 3.0
293 100 3.0
293 115 4.0
293 117 3.0
293 118 4.0
293 121 3.0
293 124 4.0
293 127 4.0
293 150 3.0
293 151 3.0
293 154 3.0
293 156 3.0
293 168 4.0
293 171 4.0
293 172 3.0
293 173 3.0
293 174 4.0
293 175 3.0
293 176 3.0
293 180 3.0
293 181 3.0
293 182 4.0
293 183 4.0
293 188 4.0
293 191 3.0
293 192 4.0
293 195 3.0
293 196 4.0
293 209 3.0
293 210 3.0
293 222 4.0
293 234 3.0
293 235 4.0
293 238 4.0
293 239 3.0
293 250 4.0
293 252 3.0
293 257 4.0
293 258 4.0
293 260 3.0
293 264 3.0
293 265 3.0
293 271 3.0
293 273 4.0
293 275 3.0
293 284 4.0
293 288 4.0
293 300 3.0
293 318 3.0
293 323 4.0
293 327 4.0
293 328 3.0
293 343 4.0
293 357 4.0
293 369 3.0
293 404 4.0
293 405 4.0
293 410 4.0
293 411 4.0
293 431 3.0
293 455 4.0
293 462 3.0
293 475 4.0
293 483 4.0
293 527 4.0
293 528 3.0
293 546 4.0
293 550 3.0
293 597 4.0
293 647 4.0
293 652 4.0
293 684 3.0
293 687 4.0
293 693 4.0
293 742 4.0
293 746 5.0
293 751 3.0
293 754 4.0
293 762 3.0
293 763 4.0
293 876 4.0
293 879 4.0
293 886 4.0
293 890 4.0
293 925 4.0
294 9 4.0
294 50 3.0
294 64 4.0
294 65 4.0
294 86 4.0
294 98 4.0
294 100 4.0
294 107 4.0
294 126 4.0
294 174 4.0
294 183 4.0
294 191 4.0
294 194 4.0
294 199 3.0
294 222 4.0
294 237 4.0
294 286 4.0
294 289 4.0
294 294 4.0
294 322 3.0
294 357 4.0
294 427 3.0
294 507 4.0
294 528 4.0
294 748 4.0
295 2 4.0
295 4 3.0
295 11 3.0
295 29 4.0
295 44 4.0
295 50 4.0
295 53 4.0
295 54 4.0
295 56 4.0
295 64 4.0
295 68 4.0
295 69 4.0
295 71 4.0
295 79 4.0
295 84 3.0
295 86 3.0
295 88 4.0
295 89 4.0
295 90 4.0
295 91 4.0
295 94 4.0
295 95 4.0
295 98 3.0
295 101 4.0
295 109 4.0
295 120 4.0
295 121 4.0
295 132 3.0
295 133 4.0
295 139 4.0
295 140 4.0
295 143 4.0
295 144 4.0
295 145 3.0
295 147 4.0
295 151 4.0
295 153 4.0
295 155 3.0
295 157 4.0
295 158 4.0
295 161 4.0
295 162 4.0
295 163 4.0
295 167 4.0
295 168 4.0
295 172 4.0
295 173 4.0
295 176 4.0
295 179 4.0
295 181 4.0
295 184 3.0
295 186 4.0
295 188 4.0
295 191 4.0
295 195 4.0
295 200 4.0
295 201 4.0
295 202 4.0
295 204 4.0
295 214 4.0
295 216 4.0
295 217 4.0
295 219 4.0
295 222 4.0
295 227 4.0
295 228 4.0
295 229 4.0
295 230 4.0
295 231 3.0
295 232 4.0
295 234 4.0
295 235 4.0
295 265 3.0
295 282 4.0
295 288 3.0
295 357 3.0
295 379 3.0
295 380 3.0
295 385 4.0
295 386 4.0
295 389 4.0
295 391 4.0
295 392 4.0
295 395 4.0
295 402 4.0
295 403 4.0
295 404 3.0
295 413 3.0
295 416 4.0
295 417 4.0
295 421 4.0
295 423 4.0
295 431 4.0
295 433 3.0
295 435 4.0
295 444 4.0
295 447 4.0
295 449 4.0
295 451 4.0
295 452 3.0
295 465 3.0
295 470 3.0
295 472 4.0
295 478 4.0
295 479 3.0
295 496 4.0
295 501 4.0
295 504 4.0
295 505 4.0
295 507 4.0
295 523 4.0
295 559 4.0
295 566 4.0
295 575 3.0
295 581 4.0
295 616 3.0
295 622 4.0
295 629 4.0
295 642 4.0
295 650 4.0
295 658 3.0
295 660 4.0
295 665 4.0
295 671 4.0
295 674 4.0
295 679 4.0
295 684 4.0
295 705 3.0
295 732 3.0
295 742 4.0
295 768 4.0
295 770 3.0
295 790 4.0
295 796 4.0
295 797 3.0
295 831 4.0
295 843 4.0
295 924 4.0
295 944 4.0
296 7 3.0
296 10 2.0
296 11 3.0
296 17 2.0
296 33 3.0
296 38 3.0
296 39 2.0
296 42 3.0
296 50 2.0
296 53 3.0
296 56 3.0
296 64 3.0
296 77 3.0
296 87 2.0
296 89 3.0
296 96 2.0
296 97 3.0
296 98 2.0
296 99 3.0
296 109 3.0
296 132 3.0
296 133 3.0
296 135 3.0
296 136 3.0
296 141 2.0
296 143 3.0
296 147 2.0
296 150 3.0
296 154 3.0
296 156 3.0
296 158 3.0
296 164 3.0
296 172 2.0
296 173 3.0
296 181 2.0
296 183 2.0
296 186 3.0
296 191 3.0
296 204 3.0
296 222 2.0
296 227 2.0
296 228 3.0
296 229 3.0
296 246 3.0
296 268 3.0
296 288 3.0
296 318 3.0
296 356 3.0
296 378 3.0
296 380 2.0
296 393 3.0
296 417 2.0
296 418 2.0
296 420 3.0
296 432 3.0
296 433 3.0
296 469 3.0
296 480 3.0
296 485 3.0
296 526 2.0
296 528 3.0
296 532 3.0
296 561 3.0
296 607 3.0
296 625 3.0
296 633 2.0
296 659 2.0
296 727 2.0
296 743 2.0
296 746 3.0
296 774 2.0
296 825 3.0
296 921 3.0
297 1 3.0
297 2 3.0
297 3 3.0
297 11 3.0
297 12 3.0
297 13 3.0
297 19 3.0
297 24 3.0
297 25 3.0
297 28 3.0
297 31 3.0
297 38 3.0
297 39 3.0
297 54 3.0
297 56 3.0
297 66 3.0
297 67 3.0
297 70 3.0
297 71 3.0
297 72 3.0
297 77 3.0
297 79 3.0
297 80 3.0
297 82 3.0
297 87 3.0
297 89 3.0
297 94 3.0
297 95 3.0
297 96 3.0
297 97 3.0
297 98 3.0
297 99 3.0
297 100 3.0
297 101 3.0
297 105 3.0
297 108 3.0
297 109 3.0
297 114 3.0
297 118 3.0
297 122 3.0
297 127 3.0
297 139 3.0
297 145 3.0
297 152 3.0
297 153 3.0
297 155 3.0
297 161 3.0
297 163 3.0
297 164 3.0
297 167 3.0
297 168 3.0
297 173 3.0
297 174 3.0
297 175 3.0
297 181 3.0
297 185 3.0
297 186 3.0
297 187 3.0
297 188 3.0
297 189 3.0
297 195 3.0
297 197 3.0
297 202 3.0
297 204 3.0
297 208 3.0
297 217 3.0
297 225 3.0
297 227 3.0
297 228 3.0
297 229 3.0
297 230 3.0
297 233 4.0
297 234 3.0
297 240 3.0
297 242 3.0
297 248 3.0
297 250 3.0
297 252 3.0
297 257 3.0
297 258 3.0
297 260 3.0
297 268 3.0
297 273 3.0
297 274 3.0
297 288 3.0
297 291 3.0
297 298 3.0
297 325 4.0
297 358 3.0
297 363 3.0
297 364 3.0
297 373 3.0
297 382 3.0
297 384 3.0
297 385 3.0
297 386 3.0
297 393 3.0
297 395 3.0
297 399 3.0
297 403 3.0
297 405 3.0
297 407 3.0
297 408 3.0
297 412 3.0
297 418 3.0
297 420 3.0
297 423 3.0
297 431 3.0
297 432 3.0
297 451 3.0
297 452 3.0
297 455 3.0
297 465 3.0
297 472 3.0
297 475 3.0
297 501 3.0
297 508 4.0
297 510 3.0
297 526 3.0
297 540 3.0
297 545 2.0
297 549 3.0
297 550 3.0
297 552 3.0
297 559 3.0
297 562 3.0
297 566 3.0
297 568 3.0
297 570 3.0
297 575 2.0
297 577 3.0
297 578 3.0
297 588 3.0
297 590 1.0
297 597 3.0
297 603 3.0
297 625 3.0
297 627 3.0
297 645 3.0
297 651 3.0
297 652 3.0
297 655 3.0
297 657 3.0
297 679 3.0
297 692 3.0
297 716 3.0
297 720 3.0
297 721 3.0
297 722 3.0
297 724 3.0
297 731 3.0
297 741 3.0
297 746 3.0
297 748 3.0
297 758 2.0
297 765 3.0
297 771 3.0
297 780 3.0
297 781 3.0
297 783 3.0
297 790 3.0
297 792 3.0
297 797 3.0
297 802 2.0
297 809 3.0
297 810 2.0
297 840 3.0
297 849 2.0
297 864 3.0
297 940 3.0
297 943 2.0
297 1000 3.0
298 10 3.0
298 11 4.0
298 12 3.0
298 23 4.0
298 32 3.0
298 50 3.0
298 53 3.0
298 56 3.0
298 59 3.0
298 61 3.0
298 79 4.0
298 83 3.0
298 89 3.0
298 98 4.0
298 121 3.0
298 124 3.0
298 127 3.0
298 136 3.0
298 137 3.0
298 144 4.0
298 150 3.0
298 151 2.0
298 156 4.0
298 160 3.0
298 164 3.0
298 168 4.0
298 171 4.0
298 172 3.0
298 175 2.0
298 176 3.0
298 182 3.0
298 183 4.0
298 186 3.0
298 187 4.0
298 191 3.0
298 192 4.0
298 197 3.0
298 202 3.0
298 203 3.0
298 204 4.0
298 210 4.0
298 212 3.0
298 218 3.0
298 222 4.0
298 228 3.0
298 229 3.0
298 258 4.0
298 262 3.0
298 271 3.0
298 275 3.0
298 288 3.0
298 293 4.0
298 302 3.0
298 340 3.0
298 381 2.0
298 425 3.0
298 435 3.0
298 443 4.0
298 447 3.0
298 449 4.0
298 464 4.0
298 474 3.0
298 475 3.0
298 483 3.0
298 484 3.0
298 486 3.0
298 489 3.0
298 512 3.0
298 514 3.0
298 515 4.0
298 522 2.0
298 525 3.0
298 538 3.0
298 548 3.0
298 554 4.0
298 558 4.0
298 591 3.0
298 594 4.0
298 603 3.0
298 631 3.0
298 649 2.0
298 652 3.0
298 656 4.0
298 664 2.0
298 675 4.0
298 693 4.0
298 754 4.0
298 772 2.0
298 806 4.0
298 887 4.0
298 919 3.0
298 922 3.0
298 985 2.0
299 8 4.0
299 11 5.0
299 12 5.0
299 50 4.0
299 87 5.0
299 97 5.0
299 117 5.0
299 127 4.0
299 132 5.0
299 136 5.0
299 153 5.0
299 157 5.0
299 176 5.0
299 177 4.0
299 181 5.0
299 182 5.0
299 183 5.0
299 191 5.0
299 193 5.0
299 194 5.0
299 198 5.0
299 202 5.0
299 207 5.0
299 210 5.0
299 213 5.0
299 215 4.0
299 238 5.0
299 251 4.0
299 271 4.0
299 272 5.0
299 275 5.0
299 295 5.0
299 300 5.0
299 301 5.0
299 307 5.0
299 312 5.0
299 313 5.0
299 318 4.0
299 326 5.0
299 357 5.0
299 414 4.0
299 425 4.0
299 463 5.0
299 474 5.0
299 482 5.0
299 483 5.0
299 484 5.0
299 486 4.0
299 497 5.0
299 511 4.0
299 516 5.0
299 520 5.0
299 521 5.0
299 530 5.0
299 539 5.0
299 605 5.0
299 651 5.0
299 657 5.0
299 661 5.0
299 663 5.0
299 664 4.0
299 690 5.0
299 692 4.0
299 742 5.0
299 750 5.0
299 879 4.0
299 886 5.0
299 887 5.0
299 902 4.0
300 1 4.0
300 3 3.0
300 8 3.0
300 9 4.0
300 25 3.0
300 28 3.0
300 30 4.0
300 39 4.0
300 42 4.0
300 43 3.0
300 44 3.0
300 45 3.0
300 50 4.0
300 56 3.0
300 58 4.0
300 61 3.0
300 62 4.0
300 69 3.0
300 70 3.0
300 72 3.0
300 83 4.0
300 88 4.0
300 89 4.0
300 94 3.0
300 97 3.0
300 98 3.0
300 100 4.0
300 111 4.0
300 116 4.0
300 118 3.0
300 120 2.0
300 125 4.0
300 129 3.0
300 133 4.0
300 135 4.0
300 143 3.0
300 147 3.0
300 159 4.0
300 164 4.0
300 172 4.0
300 175 3.0
300 179 4.0
300 181 3.0
300 196 3.0
300 202 4.0
300 204 4.0
300 208 4.0
300 210 4.0
300 211 3.0
300 216 3.0
300 217 3.0
300 223 4.0
300 234 3.0
300 235 3.0
300 237 3.0
300 238 3.0
300 244 4.0
300 245 3.0
300 246 4.0
300 250 4.0
300 252 3.0
300 255 3.0
300 257 3.0
300 258 4.0
300 268 4.0
300 274 3.0
300 275 4.0
300 276 3.0
300 281 4.0
300 282 4.0
300 283 4.0
300 284 3.0
300 285 4.0
300 287 4.0
300 294 3.0
300 298 3.0
300 300 4.0
300 301 3.0
300 304 3.0
300 316 3.0
300 325 4.0
300 381 2.0
300 386 4.0
300 387 4.0
300 393 3.0
300 396 3.0
300 405 3.0
300 407 3.0
300 412 3.0
300 421 3.0
300 448 3.0
300 464 3.0
300 469 4.0
300 471 4.0
300 472 3.0
300 475 3.0
300 476 3.0
300 498 4.0
300 509 4.0
300 514 3.0
300 517 4.0
300 522 2.0
300 529 3.0
300 531 4.0
300 535 5.0
300 553 3.0
300 559 4.0
300 568 4.0
300 569 4.0
300 584 2.0
300 611 3.0
300 619 3.0
300 639 4.0
300 640 3.0
300 660 3.0
300 662 3.0
300 665 3.0
300 699 4.0
300 708 4.0
300 709 3.0
300 714 4.0
300 721 5.0
300 729 3.0
300 735 3.0
300 739 3.0
300 742 3.0
300 762 4.0
300 768 3.0
300 775 4.0
300 780 4.0
300 781 3.0
300 815 3.0
300 821 3.0
300 827 3.0
300 836 4.0
300 845 3.0
300 930 4.0
300 964 4.0
300 971 4.0
300 988 4.0
300 996 2.0
