301 195 3.0
301 204 3.0
301 269 3.0
301 283 3.0
301 318 4.0
301 423 3.0
301 481 4.0
301 515 4.0
302 242 3.0
302 268 3.0
302 286 3.0
302 300 3.0
302 304 3.0
302 313 3.0
302 315 3.0
302 316 3.0
302 875 3.0
303 258 4.0
303 294 4.0
303 300 4.0
303 301 4.0
303 305 4.0
303 306 4.0
303 319 4.0
303 325 4.0
303 332 4.0
303 333 4.0
303 340 4.0
303 343 4.0
304 136 5.0
304 172 4.0
304 193 5.0
304 237 4.0
304 245 5.0
304 286 4.0
304 480 5.0
304 566 5.0
304 603 4.0
304 606 5.0
304 705 4.0
305 87 3.0
305 204 2.0
305 288 2.0
305 327 3.0
305 427 3.0
305 651 3.0
305 655 3.0
306 1 4.0
306 50 4.0
306 127 4.0
306 151 4.0
306 252 4.0
306 255 4.0
306 748 4.0
306 924 4.0
307 111 4.0
307 121 4.0
307 125 4.0
307 181 3.0
307 220 3.0
307 252 4.0
307 258 4.0
307 298 3.0
307 300 3.0
307 458 3.0
307 546 3.0
307 815 4.0
307 926 4.0
308 336 4.0
308 353 4.0
308 751 4.0
308 873 4.0
308 879 4.0
309 268 4.0
309 270 4.0
309 292 4.0
309 300 4.0
309 302 4.0
309 313 4.0
309 335 4.0
309 343 3.0
309 346 4.0
309 682 3.0
309 689 3.0
309 895 4.0
310 21 3.0
310 94 3.0
310 181 3.0
310 258 3.0
310 300 3.0
310 473 3.0
310 596 3.0
311 1 4.0
311 50 4.0
311 151 4.0
311 259 3.0
311 269 4.0
311 272 4.0
311 300 4.0
311 736 4.0
312 1 4.0
312 9 4.0
312 100 4.0
312 129 4.0
312 268 4.0
312 276 4.0
312 410 4.0
312 475 4.0
312 740 4.0
313 243 3.0
313 286 3.0
313 289 3.0
313 310 3.0
313 311 2.0
313 313 3.0
313 323 3.0
313 332 3.0
313 748 4.0
314 288 4.0
314 300 4.0
314 313 5.0
314 319 4.0
314 326 5.0
314 333 4.0
314 538 4.0
315 117 4.0
315 125 4.0
315 243 4.0
315 245 5.0
315 288 4.0
315 301 4.0
315 304 4.0
315 326 4.0
315 339 5.0
315 340 4.0
315 410 4.0
315 748 4.0
315 988 4.0
316 14 4.0
316 25 3.0
316 286 3.0
316 313 3.0
316 319 3.0
316 321 4.0
316 676 3.0
317 272 4.0
317 340 4.0
317 345 4.0
317 690 4.0
317 902 4.0
318 22 5.0
318 258 4.0
318 269 5.0
318 286 4.0
318 288 4.0
318 301 4.0
318 311 5.0
318 313 4.0
318 515 5.0
318 525 4.0
318 538 5.0
318 882 5.0
319 271 3.0
319 288 2.0
319 289 2.0
319 301 2.0
319 310 2.0
319 322 2.0
319 338 2.0
319 538 3.0
319 682 3.0
319 690 2.0
319 877 3.0
319 989 3.0
320 258 4.0
320 262 4.0
320 268 4.0
320 269 4.0
320 271 4.0
320 305 4.0
320 307 4.0
320 325 4.0
320 333 4.0
320 689 3.0
320 890 3.0
321 150 4.0
321 151 4.0
321 191 4.0
321 194 4.0
321 198 4.0
321 205 3.0
321 222 4.0
321 237 4.0
321 276 4.0
321 288 4.0
321 455 4.0
321 514 4.0
321 538 4.0
321 902 4.0
322 7 2.0
322 21 3.0
322 24 3.0
322 125 3.0
322 222 3.0
322 405 2.0
322 410 3.0
322 685 2.0
322 849 3.0
323 100 4.0
323 257 4.0
323 261 4.0
323 288 4.0
323 294 3.0
323 328 4.0
323 456 4.0
323 881 4.0
324 245 2.0
324 258 2.0
324 289 2.0
324 322 2.0
324 323 3.0
324 328 2.0
324 680 2.0
324 879 2.0
325 237 3.0
325 259 4.0
325 275 3.0
325 278 3.0
325 300 4.0
325 313 4.0
325 328 3.0
325 343 4.0
325 681 3.0
325 682 4.0
325 742 4.0
325 895 3.0
326 13 4.0
326 14 4.0
326 150 4.0
326 235 4.0
326 242 4.0
326 269 4.0
326 286 3.0
326 287 4.0
326 321 4.0
326 476 4.0
326 756 4.0
327 286 4.0
327 304 3.0
327 331 3.0
327 333 4.0
327 334 3.0
327 690 4.0
328 251 4.0
328 257 4.0
328 258 4.0
328 304 4.0
328 740 4.0
328 748 3.0
328 845 4.0
329 264 3.0
329 271 3.0
329 299 4.0
329 300 4.0
329 322 4.0
329 326 4.0
329 328 4.0
329 350 3.0
329 354 3.0
329 879 3.0
330 259 3.0
330 269 3.0
330 301 4.0
330 313 4.0
330 333 4.0
330 338 4.0
330 689 4.0
330 750 4.0
330 751 4.0
330 879 4.0
330 880 3.0
331 1 4.0
331 5 4.0
331 7 4.0
331 8 5.0
331 9 4.0
331 11 5.0
331 12 5.0
331 22 5.0
331 31 4.0
331 38 4.0
331 44 4.0
331 53 4.0
331 54 4.0
331 56 4.0
331 70 4.0
331 73 4.0
331 77 4.0
331 79 5.0
331 82 4.0
331 95 4.0
331 96 5.0
331 97 4.0
331 98 5.0
331 105 4.0
331 106 5.0
331 117 4.0
331 118 4.0
331 120 4.0
331 121 4.0
331 122 4.0
331 123 5.0
331 125 5.0
331 144 5.0
331 148 4.0
331 156 5.0
331 159 4.0
331 172 5.0
331 174 5.0
331 181 5.0
331 182 5.0
331 195 4.0
331 204 5.0
331 210 5.0
331 218 4.0
331 222 4.0
331 228 4.0
331 229 4.0
331 230 5.0
331 232 4.0
331 233 5.0
331 234 5.0
331 235 4.0
331 237 5.0
331 240 4.0
331 249 4.0
331 252 5.0
331 255 5.0
331 257 4.0
331 258 4.0
331 264 5.0
331 265 5.0
331 271 4.0
331 273 4.0
331 282 4.0
331 288 5.0
331 291 4.0
331 293 5.0
331 294 4.0
331 295 4.0
331 298 4.0
331 300 4.0
331 307 4.0
331 313 5.0
331 323 4.0
331 326 4.0
331 327 4.0
331 328 5.0
331 333 4.0
331 342 5.0
331 354 5.0
331 356 4.0
331 369 4.0
331 370 4.0
331 405 4.0
331 406 4.0
331 409 4.0
331 410 4.0
331 431 4.0
331 449 4.0
331 450 4.0
331 451 4.0
331 470 5.0
331 546 4.0
331 566 5.0
331 597 5.0
331 628 4.0
331 651 5.0
331 660 5.0
331 673 5.0
331 679 4.0
331 682 4.0
331 684 5.0
331 693 4.0
331 696 5.0
331 717 4.0
331 728 4.0
331 742 5.0
331 746 4.0
331 756 4.0
331 763 4.0
331 770 4.0
331 815 5.0
331 824 4.0
331 827 4.0
331 831 4.0
331 833 4.0
331 840 4.0
331 841 4.0
331 845 5.0
331 866 4.0
331 871 4.0
331 879 5.0
331 928 4.0
331 931 4.0
331 934 5.0
331 975 5.0
331 978 4.0
331 982 4.0
331 983 5.0
332 66 3.0
332 88 4.0
332 98 3.0
332 100 3.0
332 168 3.0
332 174 3.0
332 186 4.0
332 276 3.0
332 435 4.0
332 513 3.0
332 739 3.0
332 748 3.0
332 873 3.0
333 4 4.0
333 7 4.0
333 8 4.0
333 9 4.0
333 12 4.0
333 13 4.0
333 19 4.0
333 20 3.0
333 22 4.0
333 23 4.0
333 28 4.0
333 42 4.0
333 50 4.0
333 52 4.0
333 56 4.0
333 58 4.0
333 59 4.0
333 61 4.0
333 68 4.0
333 69 4.0
333 72 4.0
333 73 4.0
333 74 1.0
333 77 4.0
333 79 4.0
333 81 3.0
333 82 4.0
333 83 4.0
333 86 3.0
333 89 3.0
333 91 3.0
333 93 4.0
333 95 3.0
333 98 4.0
333 100 4.0
333 111 4.0
333 115 4.0
333 116 4.0
333 117 4.0
333 124 4.0
333 125 4.0
333 127 4.0
333 131 4.0
333 132 4.0
333 134 3.0
333 135 4.0
333 143 4.0
333 150 4.0
333 151 4.0
333 153 4.0
333 154 4.0
333 155 3.0
333 160 4.0
333 163 4.0
333 164 4.0
333 168 4.0
333 169 4.0
333 170 3.0
333 171 4.0
333 172 4.0
333 173 4.0
333 174 4.0
333 175 4.0
333 176 4.0
333 179 4.0
333 181 4.0
333 182 4.0
333 183 4.0
333 185 4.0
333 186 4.0
333 191 4.0
333 196 3.0
333 197 4.0
333 200 4.0
333 203 4.0
333 204 4.0
333 207 3.0
333 210 4.0
333 213 3.0
333 216 3.0
333 217 4.0
333 220 4.0
333 221 4.0
333 222 4.0
333 223 4.0
333 224 4.0
333 225 4.0
333 227 3.0
333 228 3.0
333 229 3.0
333 230 4.0
333 231 4.0
333 235 3.0
333 237 4.0
333 238 4.0
333 239 4.0
333 244 4.0
333 245 4.0
333 248 4.0
333 250 4.0
333 255 4.0
333 258 4.0
333 265 4.0
333 268 3.0
333 269 4.0
333 272 4.0
333 275 4.0
333 276 4.0
333 277 4.0
333 282 4.0
333 283 3.0
333 285 4.0
333 286 4.0
333 287 3.0
333 288 4.0
333 289 4.0
333 293 4.0
333 297 4.0
333 300 4.0
333 301 4.0
333 302 3.0
333 303 4.0
333 305 4.0
333 306 4.0
333 310 4.0
333 311 4.0
333 312 4.0
333 315 4.0
333 316 4.0
333 317 4.0
333 318 4.0
333 319 4.0
333 322 4.0
333 324 4.0
333 326 4.0
333 328 4.0
333 333 4.0
333 337 4.0
333 338 3.0
333 340 4.0
333 345 3.0
333 346 3.0
333 347 4.0
333 371 4.0
333 387 3.0
333 396 4.0
333 405 3.0
333 408 4.0
333 421 4.0
333 423 3.0
333 425 4.0
333 427 4.0
333 428 4.0
333 429 4.0
333 430 4.0
333 433 4.0
333 436 4.0
333 443 4.0
333 449 4.0
333 450 4.0
333 461 3.0
333 462 3.0
333 474 4.0
333 476 4.0
333 481 4.0
333 483 4.0
333 484 4.0
333 488 3.0
333 494 3.0
333 498 4.0
333 500 4.0
333 502 4.0
333 505 4.0
333 506 3.0
333 508 4.0
333 510 4.0
333 512 3.0
333 514 4.0
333 515 4.0
333 521 4.0
333 525 4.0
333 529 4.0
333 531 4.0
333 537 4.0
333 553 4.0
333 558 3.0
333 566 4.0
333 569 4.0
333 577 4.0
333 582 4.0
333 591 4.0
333 603 4.0
333 606 3.0
333 607 4.0
333 608 4.0
333 620 3.0
333 628 4.0
333 629 4.0
333 631 3.0
333 635 4.0
333 640 3.0
333 642 4.0
333 652 4.0
333 655 4.0
333 657 4.0
333 658 4.0
333 663 4.0
333 675 4.0
333 684 4.0
333 689 4.0
333 693 4.0
333 707 3.0
333 708 3.0
333 709 3.0
333 710 4.0
333 712 4.0
333 716 4.0
333 736 3.0
333 740 4.0
333 742 4.0
333 744 4.0
333 746 4.0
333 753 3.0
333 762 4.0
333 792 4.0
333 815 4.0
333 840 4.0
333 845 4.0
333 846 4.0
333 855 4.0
333 856 4.0
333 865 5.0
333 870 2.0
333 877 4.0
333 879 4.0
333 886 4.0
333 887 3.0
333 888 4.0
333 896 4.0
333 899 4.0
333 902 4.0
333 905 4.0
333 931 4.0
333 936 4.0
333 937 4.0
333 945 3.0
333 950 4.0
333 955 4.0
333 961 4.0
333 969 4.0
334 258 4.0
334 260 3.0
334 269 4.0
334 300 3.0
334 313 3.0
334 322 4.0
334 323 4.0
334 324 4.0
334 342 3.0
334 347 3.0
334 902 3.0
335 3 4.0
335 4 3.0
335 13 4.0
335 15 3.0
335 33 3.0
335 41 4.0
335 42 4.0
335 49 4.0
335 56 4.0
335 63 4.0
335 66 4.0
335 67 4.0
335 70 4.0
335 88 4.0
335 90 4.0
335 105 4.0
335 111 4.0
335 117 4.0
335 122 4.0
335 124 3.0
335 125 4.0
335 151 3.0
335 153 4.0
335 154 3.0
335 158 3.0
335 168 3.0
335 186 4.0
335 202 4.0
335 204 4.0
335 208 4.0
335 216 4.0
335 232 4.0
335 237 3.0
335 239 4.0
335 275 4.0
335 276 4.0
335 282 4.0
335 288 4.0
335 290 4.0
335 367 4.0
335 383 4.0
335 388 4.0
335 395 3.0
335 399 4.0
335 401 4.0
335 405 4.0
335 410 4.0
335 451 4.0
335 475 4.0
335 546 4.0
335 571 4.0
335 575 4.0
335 577 4.0
335 619 4.0
335 628 4.0
335 692 4.0
335 710 4.0
335 722 4.0
335 732 4.0
335 738 4.0
335 742 4.0
335 763 4.0
335 781 4.0
335 785 4.0
335 790 4.0
335 796 4.0
335 824 4.0
335 845 4.0
335 859 4.0
335 864 4.0
335 926 3.0
335 959 4.0
335 998 2.0
335 999 4.0
336 15 3.0
336 106 4.0
336 121 4.0
336 127 3.0
336 135 3.0
336 222 4.0
336 228 4.0
336 235 3.0
336 371 4.0
336 380 4.0
336 392 4.0
336 449 4.0
336 515 4.0
336 520 3.0
336 636 4.0
336 742 4.0
336 831 3.0
336 879 4.0
337 1 4.0
337 56 4.0
337 79 4.0
337 83 4.0
337 100 4.0
337 132 4.0
337 133 4.0
337 134 4.0
337 135 4.0
337 168 4.0
337 170 5.0
337 175 4.0
337 189 5.0
337 194 4.0
337 196 4.0
337 197 4.0
337 208 4.0
337 211 4.0
337 212 4.0
337 215 5.0
337 269 4.0
337 286 4.0
337 294 4.0
337 306 4.0
337 408 4.0
337 427 4.0
337 435 4.0
337 443 4.0
337 462 4.0
337 474 4.0
337 480 4.0
337 483 4.0
337 484 4.0
337 486 4.0
337 490 5.0
337 494 4.0
337 498 5.0
337 511 4.0
337 513 4.0
337 514 4.0
337 516 4.0
337 523 4.0
337 525 4.0
337 603 4.0
337 604 5.0
337 606 5.0
337 607 5.0
337 613 4.0
337 650 4.0
337 654 5.0
337 663 4.0
337 708 4.0
337 792 4.0
337 945 4.0
338 1 4.0
338 4 4.0
338 5 3.0
338 7 3.0
338 11 4.0
338 12 4.0
338 22 4.0
338 23 4.0
338 25 3.0
338 28 4.0
338 29 4.0
338 30 4.0
338 32 4.0
338 42 4.0
338 45 4.0
338 47 4.0
338 50 3.0
338 55 4.0
338 58 4.0
338 64 4.0
338 65 4.0
338 67 3.0
338 69 4.0
338 73 3.0
338 74 1.0
338 76 4.0
338 79 4.0
338 80 3.0
338 81 3.0
338 86 4.0
338 88 4.0
338 89 3.0
338 91 4.0
338 97 3.0
338 98 4.0
338 100 4.0
338 101 3.0
338 117 3.0
338 121 3.0
338 124 4.0
338 126 4.0
338 127 4.0
338 130 2.0
338 131 4.0
338 132 3.0
338 133 3.0
338 134 3.0
338 135 4.0
338 136 4.0
338 139 3.0
338 144 4.0
338 145 3.0
338 150 4.0
338 151 4.0
338 153 4.0
338 154 3.0
338 156 3.0
338 159 3.0
338 160 3.0
338 161 4.0
338 163 4.0
338 167 4.0
338 168 4.0
338 170 4.0
338 173 4.0
338 174 4.0
338 175 4.0
338 179 4.0
338 180 3.0
338 181 3.0
338 182 4.0
338 183 3.0
338 185 4.0
338 186 4.0
338 188 4.0
338 190 4.0
338 191 4.0
338 192 4.0
338 194 4.0
338 195 3.0
338 196 4.0
338 197 4.0
338 198 3.0
338 199 4.0
338 203 3.0
338 204 4.0
338 205 4.0
338 208 3.0
338 209 3.0
338 214 4.0
338 222 3.0
338 226 4.0
338 227 3.0
338 228 4.0
338 231 3.0
338 233 3.0
338 234 4.0
338 235 3.0
338 238 4.0
338 240 3.0
338 248 4.0
338 257 3.0
338 258 4.0
338 265 4.0
338 269 4.0
338 270 4.0
338 276 3.0
338 286 3.0
338 288 3.0
338 298 4.0
338 302 4.0
338 317 4.0
338 327 4.0
338 347 4.0
338 357 4.0
338 380 3.0
338 402 4.0
338 403 4.0
338 404 3.0
338 410 4.0
338 411 4.0
338 415 3.0
338 423 3.0
338 427 4.0
338 428 4.0
338 431 4.0
338 433 3.0
338 435 4.0
338 436 4.0
338 447 4.0
338 451 4.0
338 461 4.0
338 469 4.0
338 474 4.0
338 475 3.0
338 478 3.0
338 479 3.0
338 483 4.0
338 484 4.0
338 485 3.0
338 488 4.0
338 496 4.0
338 503 4.0
338 508 3.0
338 509 4.0
338 511 4.0
338 514 4.0
338 515 4.0
338 516 4.0
338 521 4.0
338 522 4.0
338 523 4.0
338 525 4.0
338 528 4.0
338 530 4.0
338 546 3.0
338 549 4.0
338 550 4.0
338 566 4.0
338 568 3.0
338 573 4.0
338 582 3.0
338 589 4.0
338 603 4.0
338 607 4.0
338 614 4.0
338 631 4.0
338 636 3.0
338 637 4.0
338 640 3.0
338 642 3.0
338 649 4.0
338 650 4.0
338 655 4.0
338 657 4.0
338 661 4.0
338 663 4.0
338 673 4.0
338 675 3.0
338 678 4.0
338 693 4.0
338 702 4.0
338 709 4.0
338 719 3.0
338 737 4.0
338 739 3.0
338 770 4.0
338 772 3.0
338 806 4.0
338 823 4.0
338 845 4.0
338 856 4.0
338 939 3.0
338 942 4.0
338 961 4.0
339 1 3.0
339 15 4.0
339 50 3.0
339 66 4.0
339 71 4.0
339 143 3.0
339 173 4.0
339 174 4.0
339 186 3.0
339 199 4.0
339 204 3.0
339 205 3.0
339 215 3.0
339 265 4.0
339 274 4.0
339 417 4.0
339 418 4.0
339 423 3.0
339 435 3.0
339 502 3.0
339 504 4.0
339 520 3.0
339 526 2.0
339 584 3.0
339 588 3.0
339 946 5.0
340 3 4.0
340 4 3.0
340 7 3.0
340 8 4.0
340 11 4.0
340 13 4.0
340 15 3.0
340 23 4.0
340 25 4.0
340 26 4.0
340 28 4.0
340 32 5.0
340 47 3.0
340 56 3.0
340 58 4.0
340 68 4.0
340 92 4.0
340 93 4.0
340 95 4.0
340 98 4.0
340 100 4.0
340 108 3.0
340 111 4.0
340 122 4.0
340 123 4.0
340 124 4.0
340 125 5.0
340 131 3.0
340 132 5.0
340 133 3.0
340 134 4.0
340 135 3.0
340 143 4.0
340 144 4.0
340 156 4.0
340 160 4.0
340 174 4.0
340 175 4.0
340 179 3.0
340 188 4.0
340 189 4.0
340 191 4.0
340 192 4.0
340 193 4.0
340 194 4.0
340 196 4.0
340 197 4.0
340 204 4.0
340 208 5.0
340 212 4.0
340 216 4.0
340 220 4.0
340 223 4.0
340 237 4.0
340 238 3.0
340 240 4.0
340 248 3.0
340 251 4.0
340 255 4.0
340 257 4.0
340 262 5.0
340 274 4.0
340 276 4.0
340 282 4.0
340 287 4.0
340 288 4.0
340 289 4.0
340 294 3.0
340 297 4.0
340 298 4.0
340 301 4.0
340 319 3.0
340 320 5.0
340 326 5.0
340 327 4.0
340 357 5.0
340 367 4.0
340 378 4.0
340 381 4.0
340 382 5.0
340 408 4.0
340 410 3.0
340 412 4.0
340 421 4.0
340 423 4.0
340 427 4.0
340 433 4.0
340 461 4.0
340 478 5.0
340 482 5.0
340 483 5.0
340 487 3.0
340 496 4.0
340 499 4.0
340 508 4.0
340 517 4.0
340 518 4.0
340 531 5.0
340 535 4.0
340 544 4.0
340 547 3.0
340 574 5.0
340 581 4.0
340 584 4.0
340 591 3.0
340 606 4.0
340 607 4.0
340 654 4.0
340 655 4.0
340 656 3.0
340 657 4.0
340 663 4.0
340 699 4.0
340 723 4.0
340 724 4.0
340 732 4.0
340 746 4.0
340 762 4.0
340 764 4.0
340 772 4.0
340 789 4.0
340 792 4.0
340 818 4.0
340 844 4.0
340 846 4.0
340 866 3.0
340 873 5.0
340 875 4.0
340 928 5.0
340 950 4.0
340 952 4.0
340 965 4.0
340 974 3.0
340 975 4.0
341 1 4.0
341 3 4.0
341 4 4.0
341 7 5.0
341 8 4.0
341 9 4.0
341 10 4.0
341 11 5.0
341 20 4.0
341 23 4.0
341 25 4.0
341 26 4.0
341 28 4.0
341 38 4.0
341 42 4.0
341 44 4.0
341 47 3.0
341 50 5.0
341 52 4.0
341 53 5.0
341 55 4.0
341 56 4.0
341 57 4.0
341 58 4.0
341 62 5.0
341 63 4.0
341 65 4.0
341 66 4.0
341 67 5.0
341 68 4.0
341 69 5.0
341 76 4.0
341 77 5.0
341 79 5.0
341 81 4.0
341 82 4.0
341 83 4.0
341 86 4.0
341 87 4.0
341 88 4.0
341 89 5.0
341 90 5.0
341 97 4.0
341 98 5.0
341 100 4.0
341 117 4.0
341 118 4.0
341 121 5.0
341 124 4.0
341 127 5.0
341 130 2.0
341 132 4.0
341 134 4.0
341 135 4.0
341 137 4.0
341 143 4.0
341 144 4.0
341 147 4.0
341 153 5.0
341 154 4.0
341 155 4.0
341 156 4.0
341 159 4.0
341 163 4.0
341 164 4.0
341 168 4.0
341 169 5.0
341 174 5.0
341 176 4.0
341 177 4.0
341 179 5.0
341 186 4.0
341 187 4.0
341 188 4.0
341 189 4.0
341 191 4.0
341 193 4.0
341 194 4.0
341 196 4.0
341 197 4.0
341 199 4.0
341 200 5.0
341 208 5.0
341 211 4.0
341 214 4.0
341 223 5.0
341 228 4.0
341 229 4.0
341 231 4.0
341 234 4.0
341 235 4.0
341 236 4.0
341 237 4.0
341 238 4.0
341 241 4.0
341 250 4.0
341 257 4.0
341 265 4.0
341 269 4.0
341 275 4.0
341 276 4.0
341 277 4.0
341 288 4.0
341 297 4.0
341 302 5.0
341 303 4.0
341 306 4.0
341 318 4.0
341 324 5.0
341 333 5.0
341 334 4.0
341 357 4.0
341 358 5.0
341 367 5.0
341 371 4.0
341 375 2.0
341 382 4.0
341 385 4.0
341 405 4.0
341 408 5.0
341 410 4.0
341 423 5.0
341 427 4.0
341 429 4.0
341 435 4.0
341 449 4.0
341 458 4.0
341 461 4.0
341 462 4.0
341 463 4.0
341 471 4.0
341 473 4.0
341 474 4.0
341 476 5.0
341 483 5.0
341 498 4.0
341 499 4.0
341 510 4.0
341 515 4.0
341 521 5.0
341 523 4.0
341 527 4.0
341 530 5.0
341 536 4.0
341 546 4.0
341 555 4.0
341 559 4.0
341 561 4.0
341 568 4.0
341 569 5.0
341 581 4.0
341 582 4.0
341 606 4.0
341 614 4.0
341 631 4.0
341 642 4.0
341 654 5.0
341 655 4.0
341 657 4.0
341 660 4.0
341 684 4.0
341 702 4.0
341 703 4.0
341 708 4.0
341 712 4.0
341 724 4.0
341 727 4.0
341 729 4.0
341 739 4.0
341 744 5.0
341 747 4.0
341 778 4.0
341 786 3.0
341 792 5.0
341 919 5.0
341 921 5.0
341 930 4.0
341 931 5.0
341 943 4.0
341 950 4.0
341 951 4.0
341 961 4.0
341 980 4.0
342 1 4.0
342 4 4.0
342 5 3.0
342 7 4.0
342 8 3.0
342 9 4.0
342 11 4.0
342 13 3.0
342 14 4.0
342 22 4.0
342 25 4.0
342 26 4.0
342 39 4.0
342 45 4.0
342 58 4.0
342 70 3.0
342 73 4.0
342 79 4.0
342 86 4.0
342 87 4.0
342 88 4.0
342 89 4.0
342 95 4.0
342 96 4.0
342 97 4.0
342 98 4.0
342 106 4.0
342 111 4.0
342 118 4.0
342 119 5.0
342 122 4.0
342 124 4.0
342 125 4.0
342 127 4.0
342 129 4.0
342 132 3.0
342 137 4.0
342 148 4.0
342 169 4.0
342 172 4.0
342 174 4.0
342 175 4.0
342 176 4.0
342 181 4.0
342 183 4.0
342 190 4.0
342 191 3.0
342 195 4.0
342 196 4.0
342 198 4.0
342 202 4.0
342 203 4.0
342 204 4.0
342 208 3.0
342 210 4.0
342 213 4.0
342 215 4.0
342 216 3.0
342 222 4.0
342 228 4.0
342 235 4.0
342 237 4.0
342 244 4.0
342 245 3.0
342 246 4.0
342 248 4.0
342 251 4.0
342 255 4.0
342 269 4.0
342 272 4.0
342 274 4.0
342 275 4.0
342 276 3.0
342 278 4.0
342 280 4.0
342 281 4.0
342 283 4.0
342 284 4.0
342 285 4.0
342 286 4.0
342 288 4.0
342 291 4.0
342 295 4.0
342 297 4.0
342 298 4.0
342 301 4.0
342 304 3.0
342 306 4.0
342 311 4.0
342 313 4.0
342 315 4.0
342 316 4.0
342 322 3.0
342 357 4.0
342 372 3.0
342 385 4.0
342 405 4.0
342 433 4.0
342 451 4.0
342 459 4.0
342 462 3.0
342 471 4.0
342 472 3.0
342 476 4.0
342 477 3.0
342 478 4.0
342 479 4.0
342 486 4.0
342 487 4.0
342 494 4.0
342 508 4.0
342 509 4.0
342 511 4.0
342 516 4.0
342 535 3.0
342 537 3.0
342 559 4.0
342 562 4.0
342 568 3.0
342 597 4.0
342 619 4.0
342 647 4.0
342 660 3.0
342 663 4.0
342 678 4.0
342 684 3.0
342 694 3.0
342 696 4.0
342 707 3.0
342 708 4.0
342 709 3.0
342 713 4.0
342 716 4.0
342 742 4.0
342 751 4.0
342 764 4.0
342 815 3.0
342 844 4.0
342 845 4.0
342 864 4.0
342 896 3.0
342 926 3.0
342 928 4.0
342 955 4.0
343 1 4.0
343 4 4.0
343 9 4.0
343 11 4.0
343 13 4.0
343 14 4.0
343 15 4.0
343 25 4.0
343 26 4.0
343 28 4.0
343 33 5.0
343 43 4.0
343 44 4.0
343 48 4.0
343 49 4.0
343 50 4.0
343 51 4.0
343 64 4.0
343 65 4.0
343 66 4.0
343 69 4.0
343 70 4.0
343 71 4.0
343 77 4.0
343 79 4.0
343 81 4.0
343 87 4.0
343 88 4.0
343 93 4.0
343 98 4.0
343 100 4.0
343 111 4.0
343 118 4.0
343 121 4.0
343 124 4.0
343 125 4.0
343 126 4.0
343 131 4.0
343 132 4.0
343 137 4.0
343 143 4.0
343 148 4.0
343 151 4.0
343 170 4.0
343 172 5.0
343 173 4.0
343 174 4.0
343 191 4.0
343 196 5.0
343 197 4.0
343 202 4.0
343 204 4.0
343 216 4.0
343 220 4.0
343 221 4.0
343 223 4.0
343 226 5.0
343 234 4.0
343 235 4.0
343 237 4.0
343 239 4.0
343 241 5.0
343 245 4.0
343 246 4.0
343 255 4.0
343 258 4.0
343 262 4.0
343 269 4.0
343 272 4.0
343 274 4.0
343 278 4.0
343 280 4.0
343 282 4.0
343 283 4.0
343 284 4.0
343 285 4.0
343 287 4.0
343 288 4.0
343 289 4.0
343 291 4.0
343 294 4.0
343 295 4.0
343 298 4.0
343 300 4.0
343 302 4.0
343 303 4.0
343 305 4.0
343 311 4.0
343 312 4.0
343 313 4.0
343 315 4.0
343 317 4.0
343 323 4.0
343 325 4.0
343 332 4.0
343 333 4.0
343 356 4.0
343 365 3.0
343 367 4.0
343 378 4.0
343 381 4.0
343 382 4.0
343 387 4.0
343 402 5.0
343 403 4.0
343 405 4.0
343 416 4.0
343 433 4.0
343 443 4.0
343 451 5.0
343 461 4.0
343 464 4.0
343 471 4.0
343 473 4.0
343 476 4.0
343 479 4.0
343 481 4.0
343 485 4.0
343 498 4.0
343 508 4.0
343 518 4.0
343 534 4.0
343 550 5.0
343 559 4.0
343 566 4.0
343 568 4.0
343 582 4.0
343 588 4.0
343 620 4.0
343 639 4.0
343 651 4.0
343 655 4.0
343 660 4.0
343 676 4.0
343 696 4.0
343 702 4.0
343 708 4.0
343 709 4.0
343 715 4.0
343 716 4.0
343 722 4.0
343 724 4.0
343 732 5.0
343 736 4.0
343 737 4.0
343 738 4.0
343 739 4.0
343 742 4.0
343 744 4.0
343 747 4.0
343 748 4.0
343 772 4.0
343 781 5.0
343 845 4.0
343 846 4.0
343 866 4.0
343 879 4.0
343 886 4.0
343 903 4.0
343 919 4.0
343 949 5.0
343 955 4.0
343 956 4.0
343 972 4.0
343 988 3.0
344 2 3.0
344 3 3.0
344 4 3.0
344 7 3.0
344 11 3.0
344 12 3.0
344 17 3.0
344 22 3.0
344 29 3.0
344 31 3.0
344 33 4.0
344 38 3.0
344 50 3.0
344 53 3.0
344 54 4.0
344 55 4.0
344 56 3.0
344 62 3.0
344 64 3.0
344 67 3.0
344 72 3.0
344 76 4.0
344 83 4.0
344 89 3.0
344 91 4.0
344 92 4.0
344 94 4.0
344 97 4.0
344 98 3.0
344 100 4.0
344 110 3.0
344 117 4.0
344 120 3.0
344 121 3.0
344 127 3.0
344 132 3.0
344 133 3.0
344 134 4.0
344 141 4.0
344 143 4.0
344 144 3.0
344 147 3.0
344 153 3.0
344 157 3.0
344 158 3.0
344 161 3.0
344 167 3.0
344 168 3.0
344 172 3.0
344 173 3.0
344 174 3.0
344 176 3.0
344 180 3.0
344 181 4.0
344 183 3.0
344 184 3.0
344 186 3.0
344 187 3.0
344 188 4.0
344 203 3.0
344 204 4.0
344 210 3.0
344 211 3.0
344 213 4.0
344 215 4.0
344 216 3.0
344 218 3.0
344 219 3.0
344 232 3.0
344 234 4.0
344 240 3.0
344 245 3.0
344 250 4.0
344 259 4.0
344 265 3.0
344 273 3.0
344 276 3.0
344 288 3.0
344 291 4.0
344 293 3.0
344 294 4.0
344 300 4.0
344 302 4.0
344 318 3.0
344 322 3.0
344 325 4.0
344 333 4.0
344 358 3.0
344 366 4.0
344 369 4.0
344 375 2.0
344 385 3.0
344 391 3.0
344 392 3.0
344 394 3.0
344 403 3.0
344 405 4.0
344 415 3.0
344 431 3.0
344 455 4.0
344 470 3.0
344 496 3.0
344 518 4.0
344 520 3.0
344 541 3.0
344 546 4.0
344 549 4.0
344 550 3.0
344 561 3.0
344 569 3.0
344 572 3.0
344 576 3.0
344 578 4.0
344 582 4.0
344 597 3.0
344 616 4.0
344 636 4.0
344 642 3.0
344 657 3.0
344 669 3.0
344 673 3.0
344 684 4.0
344 685 3.0
344 708 3.0
344 712 3.0
344 727 3.0
344 732 3.0
344 739 4.0
344 742 4.0
344 743 3.0
344 746 3.0
344 748 3.0
344 780 3.0
344 785 4.0
344 802 3.0
344 809 3.0
344 831 3.0
344 842 3.0
344 879 3.0
344 944 3.0
344 959 3.0
344 967 3.0
344 977 3.0
345 1 4.0
345 7 4.0
345 12 4.0
345 15 4.0
345 17 4.0
345 22 4.0
345 24 4.0
345 25 4.0
345 28 4.0
345 31 4.0
345 50 4.0
345 55 4.0
345 56 4.0
345 65 4.0
345 68 4.0
345 69 4.0
345 70 4.0
345 73 4.0
345 76 4.0
345 79 4.0
345 82 4.0
345 85 4.0
345 87 4.0
345 91 4.0
345 96 4.0
345 97 4.0
345 98 5.0
345 99 4.0
345 117 5.0
345 118 4.0
345 125 5.0
345 127 5.0
345 137 4.0
345 151 4.0
345 156 4.0
345 157 4.0
345 158 5.0
345 159 4.0
345 163 4.0
345 164 4.0
345 168 4.0
345 172 5.0
345 173 4.0
345 174 4.0
345 176 5.0
345 177 4.0
345 181 4.0
345 182 4.0
345 183 5.0
345 187 5.0
345 188 4.0
345 192 4.0
345 195 4.0
345 200 4.0
345 202 5.0
345 203 4.0
345 204 4.0
345 208 4.0
345 215 4.0
345 216 4.0
345 222 4.0
345 223 4.0
345 226 4.0
345 227 5.0
345 230 5.0
345 233 4.0
345 235 4.0
345 239 4.0
345 240 5.0
345 241 4.0
345 245 4.0
345 252 5.0
345 258 4.0
345 268 5.0
345 271 4.0
345 276 5.0
345 280 4.0
345 286 4.0
345 290 4.0
345 291 3.0
345 293 4.0
345 294 4.0
345 298 4.0
345 300 4.0
345 317 4.0
345 318 4.0
345 323 4.0
345 324 5.0
345 328 4.0
345 333 4.0
345 356 4.0
345 369 4.0
345 371 4.0
345 385 4.0
345 386 4.0
345 392 4.0
345 403 4.0
345 404 4.0
345 405 5.0
345 410 4.0
345 416 4.0
345 423 4.0
345 432 4.0
345 460 5.0
345 462 4.0
345 465 4.0
345 468 4.0
345 470 4.0
345 471 4.0
345 472 4.0
345 475 4.0
345 501 4.0
345 508 4.0
345 544 4.0
345 550 4.0
345 568 5.0
345 588 5.0
345 595 4.0
345 597 4.0
345 609 4.0
345 655 5.0
345 660 4.0
345 685 4.0
345 686 4.0
345 689 5.0
345 692 4.0
345 699 4.0
345 721 4.0
345 735 4.0
345 742 4.0
345 763 4.0
345 806 4.0
345 819 4.0
345 820 4.0
345 827 4.0
345 829 4.0
345 831 4.0
345 841 4.0
345 871 4.0
345 879 4.0
345 928 4.0
345 930 5.0
345 943 4.0
345 959 4.0
345 977 5.0
345 982 4.0
346 7 4.0
346 25 4.0
346 107 4.0
346 118 4.0
346 121 4.0
346 123 4.0
346 126 5.0
346 147 4.0
346 225 4.0
346 240 5.0
346 243 4.0
346 245 4.0
346 276 4.0
346 288 4.0
346 291 4.0
346 294 4.0
346 368 5.0
346 370 5.0
346 405 5.0
346 406 4.0
346 411 4.0
346 412 5.0
346 472 4.0
346 473 5.0
346 477 4.0
346 546 4.0
346 628 4.0
346 756 4.0
346 819 4.0
346 831 4.0
346 834 4.0
346 924 5.0
346 926 4.0
346 934 5.0
346 974 4.0
346 975 4.0
346 988 5.0
347 9 3.0
347 15 3.0
347 20 3.0
347 100 3.0
347 118 2.0
347 125 3.0
347 237 3.0
347 276 3.0
347 411 3.0
347 412 3.0
347 455 3.0
347 458 3.0
347 471 3.0
347 475 3.0
347 544 3.0
347 596 3.0
347 847 3.0
348 23 4.0
348 50 3.0
348 89 4.0
348 132 4.0
348 133 3.0
348 136 4.0
348 168 4.0
348 172 4.0
348 173 4.0
348 174 4.0
348 179 4.0
348 183 4.0
348 193 4.0
348 204 4.0
348 210 4.0
348 211 4.0
348 214 3.0
348 228 4.0
348 271 4.0
348 324 4.0
348 435 3.0
348 479 4.0
348 480 4.0
348 483 4.0
348 489 4.0
348 515 5.0
348 530 4.0
348 589 3.0
348 604 4.0
348 616 4.0
348 654 4.0
348 657 4.0
349 286 4.0
349 288 4.0
349 289 4.0
349 292 4.0
349 301 5.0
349 310 5.0
349 311 5.0
349 312 4.0
349 313 4.0
349 323 4.0
349 326 4.0
349 332 4.0
349 340 4.0
349 341 4.0
349 343 4.0
349 359 4.0
349 538 5.0
349 748 4.0
349 751 4.0
349 754 4.0
349 873 4.0
349 879 4.0
349 880 5.0
349 984 4.0
349 989 5.0
349 990 4.0
350 4 4.0
350 7 3.0
350 39 3.0
350 79 4.0
350 89 4.0
350 92 4.0
350 96 3.0
350 100 3.0
350 129 3.0
350 144 4.0
350 156 3.0
350 173 4.0
350 176 4.0
350 181 4.0
350 182 4.0
350 183 5.0
350 194 4.0
350 195 4.0
350 216 4.0
350 228 4.0
350 234 3.0
350 273 4.0
350 302 4.0
350 385 3.0
350 568 3.0
350 653 5.0
350 692 4.0
350 746 5.0
351 272 4.0
351 300 3.0
351 301 3.0
351 327 4.0
351 328 3.0
351 331 4.0
351 332 3.0
351 340 3.0
351 343 3.0
351 346 3.0
351 358 3.0
351 750 4.0
351 905 4.0
352 7 4.0
352 9 4.0
352 19 4.0
352 25 4.0
352 32 4.0
352 42 4.0
352 47 4.0
352 50 4.0
352 52 4.0
352 57 4.0
352 58 4.0
352 59 4.0
352 60 4.0
352 61 4.0
352 66 4.0
352 70 4.0
352 79 4.0
352 83 4.0
352 86 4.0
352 87 4.0
352 88 4.0
352 93 4.0
352 98 4.0
352 109 4.0
352 116 4.0
352 124 4.0
352 131 4.0
352 133 4.0
352 134 4.0
352 135 4.0
352 136 4.0
352 137 4.0
352 143 4.0
352 149 4.0
352 151 4.0
352 152 4.0
352 153 4.0
352 154 4.0
352 155 4.0
352 162 4.0
352 166 4.0
352 168 4.0
352 171 4.0
352 174 4.0
352 175 4.0
352 180 4.0
352 186 4.0
352 189 4.0
352 190 4.0
352 191 4.0
352 193 4.0
352 197 4.0
352 199 4.0
352 202 4.0
352 208 4.0
352 209 4.0
352 211 4.0
352 213 4.0
352 216 4.0
352 238 4.0
352 241 4.0
352 242 4.0
352 246 4.0
352 248 4.0
352 251 4.0
352 255 4.0
352 257 4.0
352 258 4.0
352 268 4.0
352 269 4.0
352 270 4.0
352 272 4.0
352 275 4.0
352 276 3.0
352 281 4.0
352 285 4.0
352 287 4.0
352 297 4.0
352 303 4.0
352 305 4.0
352 306 4.0
352 308 4.0
352 311 4.0
352 313 4.0
352 318 4.0
352 321 4.0
352 344 4.0
352 381 4.0
352 382 4.0
352 387 4.0
352 414 4.0
352 419 4.0
352 421 4.0
352 423 4.0
352 428 4.0
352 429 4.0
352 435 4.0
352 462 4.0
352 463 4.0
352 464 4.0
352 473 4.0
352 478 4.0
352 479 4.0
352 480 4.0
352 483 4.0
352 485 4.0
352 487 4.0
352 489 4.0
352 494 4.0
352 496 4.0
352 497 4.0
352 498 4.0
352 507 4.0
352 508 4.0
352 509 4.0
352 511 4.0
352 513 4.0
352 515 4.0
352 516 4.0
352 518 4.0
352 520 4.0
352 528 4.0
352 529 4.0
352 531 4.0
352 533 4.0
352 582 4.0
352 584 5.0
352 602 4.0
352 603 4.0
352 604 4.0
352 605 4.0
352 606 4.0
352 607 4.0
352 629 4.0
352 631 4.0
352 638 4.0
352 650 4.0
352 651 4.0
352 652 4.0
352 657 4.0
352 659 4.0
352 660 4.0
352 661 4.0
352 692 4.0
352 694 4.0
352 699 4.0
352 702 4.0
352 705 4.0
352 707 4.0
352 709 4.0
352 716 4.0
352 732 4.0
352 733 4.0
352 735 4.0
352 736 4.0
352 737 4.0
352 740 4.0
352 753 4.0
352 792 4.0
352 811 4.0
352 847 4.0
352 855 4.0
352 863 4.0
352 865 4.0
352 882 4.0
352 889 4.0
352 900 4.0
352 904 4.0
352 929 4.0
352 953 4.0
352 955 4.0
352 956 4.0
352 958 4.0
352 962 4.0
353 260 4.0
353 264 4.0
353 271 4.0
353 306 4.0
353 307 4.0
353 328 4.0
353 358 4.0
353 681 4.0
353 882 4.0
354 300 4.0
354 307 3.0
354 312 4.0
354 316 4.0
354 326 3.0
354 331 4.0
354 689 4.0
354 748 4.0
354 937 4.0
355 1 5.0
355 7 4.0
355 10 4.0
355 24 4.0
355 105 5.0
355 111 4.0
355 118 4.0
355 123 4.0
355 125 5.0
355 126 4.0
355 150 5.0
355 151 4.0
355 220 4.0
355 222 4.0
355 235 4.0
355 237 4.0
355 245 4.0
355 270 4.0
355 273 5.0
355 274 4.0
355 275 4.0
355 280 4.0
355 284 4.0
355 287 5.0
355 291 4.0
355 304 5.0
355 322 5.0
355 334 5.0
355 405 4.0
355 407 5.0
355 455 4.0
355 456 5.0
355 471 4.0
355 472 4.0
355 473 4.0
355 476 5.0
355 546 4.0
355 595 4.0
355 597 4.0
355 685 4.0
355 687 4.0
355 713 5.0
355 742 4.0
355 760 4.0
355 819 4.0
355 820 4.0
355 831 4.0
355 833 5.0
355 866 4.0
355 932 5.0
355 984 4.0
356 8 4.0
356 132 3.0
356 179 4.0
356 213 3.0
356 324 4.0
356 357 4.0
356 382 4.0
356 469 4.0
356 482 4.0
356 511 3.0
356 529 4.0
356 558 4.0
356 582 4.0
356 584 4.0
356 639 3.0
356 643 4.0
356 855 4.0
356 896 3.0
356 918 4.0
357 1 4.0
357 7 3.0
357 118 4.0
357 181 3.0
357 250 4.0
357 268 3.0
357 286 4.0
357 295 4.0
357 298 4.0
357 313 4.0
357 405 4.0
357 408 3.0
357 455 3.0
357 472 3.0
357 748 4.0
358 1 5.0
358 10 5.0
358 13 5.0
358 14 5.0
358 23 5.0
358 25 4.0
358 28 5.0
358 45 4.0
358 50 4.0
358 56 4.0
358 64 5.0
358 79 4.0
358 116 5.0
358 134 4.0
358 157 4.0
358 165 4.0
358 166 4.0
358 170 5.0
358 172 5.0
358 174 5.0
358 181 5.0
358 187 4.0
358 191 5.0
358 194 4.0
358 195 4.0
358 197 5.0
358 199 4.0
358 205 4.0
358 207 4.0
358 210 5.0
358 222 4.0
358 237 4.0
358 238 4.0
358 242 4.0
358 248 4.0
358 251 4.0
358 269 5.0
358 271 5.0
358 275 4.0
358 284 4.0
358 286 4.0
358 297 4.0
358 302 4.0
358 303 4.0
358 304 4.0
358 306 4.0
358 308 4.0
358 309 4.0
358 321 4.0
358 326 4.0
358 328 4.0
358 334 4.0
358 357 4.0
358 405 4.0
358 423 4.0
358 479 4.0
358 515 5.0
358 521 5.0
358 523 5.0
358 588 4.0
358 654 5.0
358 661 4.0
358 663 5.0
358 735 4.0
358 744 4.0
358 845 5.0
358 933 4.0
358 936 5.0
358 963 5.0
359 12 3.0
359 14 4.0
359 23 3.0
359 26 4.0
359 53 3.0
359 55 4.0
359 56 3.0
359 59 3.0
359 60 3.0
359 66 4.0
359 79 4.0
359 83 4.0
359 86 4.0
359 88 3.0
359 90 4.0
359 97 4.0
359 98 4.0
359 100 4.0
359 111 3.0
359 129 4.0
359 148 3.0
359 150 3.0
359 156 4.0
359 166 3.0
359 168 3.0
359 170 4.0
359 173 3.0
359 176 4.0
359 178 4.0
359 179 3.0
359 183 3.0
359 185 4.0
359 186 3.0
359 190 4.0
359 197 3.0
359 203 4.0
359 204 4.0
359 207 4.0
359 212 4.0
359 216 3.0
359 218 4.0
359 222 4.0
359 228 4.0
359 234 4.0
359 237 3.0
359 238 4.0
359 258 3.0
359 269 4.0
359 273 4.0
359 274 4.0
359 275 4.0
359 276 4.0
359 286 3.0
359 340 4.0
359 387 4.0
359 421 4.0
359 430 3.0
359 435 4.0
359 451 3.0
359 466 4.0
359 475 3.0
359 498 4.0
359 502 4.0
359 504 4.0
359 513 4.0
359 514 4.0
359 517 4.0
359 524 4.0
359 525 3.0
359 531 4.0
359 611 4.0
359 639 3.0
359 654 3.0
359 657 4.0
359 659 4.0
359 673 4.0
359 684 4.0
359 694 4.0
359 705 4.0
359 709 4.0
359 737 4.0
359 739 4.0
359 742 3.0
359 762 3.0
359 770 3.0
359 781 3.0
359 794 4.0
359 813 4.0
359 934 3.0
359 949 3.0
360 245 3.0
360 258 4.0
360 288 4.0
360 294 3.0
360 300 3.0
360 302 3.0
360 312 4.0
360 328 3.0
360 350 3.0
361 1 3.0
361 2 3.0
361 4 3.0
361 5 3.0
361 7 3.0
361 9 3.0
361 11 3.0
361 22 4.0
361 29 3.0
361 32 4.0
361 37 4.0
361 38 3.0
361 44 4.0
361 47 3.0
361 50 3.0
361 55 3.0
361 56 3.0
361 58 4.0
361 62 3.0
361 65 4.0
361 66 3.0
361 67 3.0
361 68 4.0
361 70 3.0
361 71 4.0
361 72 3.0
361 73 4.0
361 77 3.0
361 79 3.0
361 81 3.0
361 82 3.0
361 87 4.0
361 88 3.0
361 89 3.0
361 90 3.0
361 91 3.0
361 93 4.0
361 95 4.0
361 96 3.0
361 97 4.0
361 98 3.0
361 101 3.0
361 102 4.0
361 114 3.0
361 117 3.0
361 120 3.0
361 121 4.0
361 128 3.0
361 134 3.0
361 137 3.0
361 144 4.0
361 145 3.0
361 151 3.0
361 152 3.0
361 154 3.0
361 155 3.0
361 156 3.0
361 159 3.0
361 161 4.0
361 163 3.0
361 164 3.0
361 169 4.0
361 171 4.0
361 172 4.0
361 173 3.0
361 174 4.0
361 179 3.0
361 182 3.0
361 183 3.0
361 184 3.0
361 186 3.0
361 187 4.0
361 188 3.0
361 189 4.0
361 193 3.0
361 195 4.0
361 196 3.0
361 200 3.0
361 201 4.0
361 204 3.0
361 206 4.0
361 208 3.0
361 210 3.0
361 212 3.0
361 215 2.0
361 216 3.0
361 217 3.0
361 218 4.0
361 222 3.0
361 226 3.0
361 227 3.0
361 228 4.0
361 229 3.0
361 231 3.0
361 234 3.0
361 235 3.0
361 237 3.0
361 248 4.0
361 250 4.0
361 258 3.0
361 264 4.0
361 265 4.0
361 270 3.0
361 271 3.0
361 282 3.0
361 283 3.0
361 284 2.0
361 288 3.0
361 290 3.0
361 293 3.0
361 298 3.0
361 307 3.0
361 315 4.0
361 316 3.0
361 317 4.0
361 322 4.0
361 325 3.0
361 328 3.0
361 333 4.0
361 336 2.0
361 346 4.0
361 347 3.0
361 350 4.0
361 351 4.0
361 366 3.0
361 370 3.0
361 380 3.0
361 387 3.0
361 391 3.0
361 393 3.0
361 402 3.0
361 403 3.0
361 405 3.0
361 408 4.0
361 417 2.0
361 423 3.0
361 426 3.0
361 428 4.0
361 429 4.0
361 431 3.0
361 433 3.0
361 443 3.0
361 444 4.0
361 448 3.0
361 449 3.0
361 451 3.0
361 461 3.0
361 469 4.0
361 472 3.0
361 473 3.0
361 474 4.0
361 505 3.0
361 506 3.0
361 511 4.0
361 523 4.0
361 531 3.0
361 537 4.0
361 546 3.0
361 550 3.0
361 552 4.0
361 554 3.0
361 555 3.0
361 559 3.0
361 561 3.0
361 566 4.0
361 568 3.0
361 569 3.0
361 571 4.0
361 572 3.0
361 575 3.0
361 578 3.0
361 588 3.0
361 590 3.0
361 591 3.0
361 597 3.0
361 603 4.0
361 616 2.0
361 625 3.0
361 631 3.0
361 640 4.0
361 650 4.0
361 651 3.0
361 653 4.0
361 658 3.0
361 660 3.0
361 665 3.0
361 673 4.0
361 675 3.0
361 678 3.0
361 679 4.0
361 682 3.0
361 685 4.0
361 691 3.0
361 698 2.0
361 699 4.0
361 707 3.0
361 709 4.0
361 710 3.0
361 719 3.0
361 735 4.0
361 741 3.0
361 742 3.0
361 746 3.0
361 747 3.0
361 752 4.0
361 760 4.0
361 761 3.0
361 767 2.0
361 774 5.0
361 778 3.0
361 792 4.0
361 802 3.0
361 805 2.0
361 809 4.0
361 816 4.0
361 825 3.0
361 831 3.0
361 854 3.0
361 859 4.0
361 895 3.0
361 906 3.0
361 933 2.0
361 940 4.0
361 946 3.0
361 959 4.0
361 979 3.0
362 288 4.0
362 289 4.0
362 319 4.0
362 321 4.0
362 875 4.0
362 988 4.0
363 1 4.0
363 7 3.0
363 13 4.0
363 25 3.0
363 109 3.0
363 124 4.0
363 125 3.0
363 137 4.0
363 150 3.0
363 151 3.0
363 222 3.0
363 258 3.0
363 268 3.0
363 271 4.0
363 272 4.0
363 275 3.0
363 277 3.0
363 285 4.0
363 287 4.0
363 288 3.0
363 294 3.0
363 301 4.0
363 309 3.0
363 315 3.0
363 316 3.0
363 321 4.0
363 326 3.0
363 352 3.0
363 473 3.0
363 476 4.0
363 591 3.0
363 742 4.0
363 813 4.0
363 846 3.0
363 894 3.0
363 908 4.0
363 948 3.0
363 995 3.0
364 98 5.0
364 164 4.0
364 184 5.0
364 201 5.0
364 217 4.0
364 218 5.0
364 219 4.0
364 234 4.0
364 413 4.0
364 445 5.0
364 448 5.0
364 559 4.0
364 561 4.0
364 672 5.0
364 853 4.0
364 854 5.0
364 860 5.0
365 5 4.0
365 17 4.0
365 50 4.0
365 53 3.0
365 56 4.0
365 98 4.0
365 145 4.0
365 176 4.0
365 179 4.0
365 183 4.0
365 184 4.0
365 200 4.0
365 201 4.0
365 218 4.0
365 234 4.0
365 246 4.0
365 250 4.0
365 258 4.0
365 288 4.0
365 302 4.0
365 324 4.0
365 326 4.0
365 333 4.0
365 379 3.0
365 406 4.0
365 413 4.0
365 436 4.0
365 441 3.0
365 443 4.0
365 448 4.0
365 452 4.0
365 559 4.0
365 567 4.0
365 637 3.0
365 665 4.0
365 670 4.0
365 672 4.0
365 760 4.0
365 769 4.0
365 800 4.0
365 919 4.0
366 11 3.0
366 17 3.0
366 56 4.0
366 89 4.0
366 98 4.0
366 100 3.0
366 127 4.0
366 181 3.0
366 184 3.0
366 201 3.0
366 217 4.0
366 218 4.0
366 234 3.0
366 313 3.0
366 320 4.0
366 379 3.0
366 396 3.0
366 561 3.0
366 567 3.0
366 569 4.0
366 637 3.0
366 670 4.0
366 672 3.0
366 774 2.0
367 50 5.0
367 166 4.0
367 172 4.0
367 179 4.0
367 181 4.0
367 243 4.0
367 346 4.0
367 358 4.0
367 890 4.0
367 988 2.0
368 12 4.0
368 22 4.0
368 31 4.0
368 42 4.0
368 50 4.0
368 56 4.0
368 98 4.0
368 114 4.0
368 116 4.0
368 134 4.0
368 135 4.0
368 136 4.0
368 153 4.0
368 172 4.0
368 174 4.0
368 175 4.0
368 176 4.0
368 181 4.0
368 183 4.0
368 193 4.0
368 195 4.0
368 209 4.0
368 210 4.0
368 222 4.0
368 257 4.0
368 265 4.0
368 269 4.0
368 285 4.0
368 294 4.0
368 321 4.0
368 323 4.0
368 423 4.0
368 425 4.0
368 433 4.0
368 443 4.0
368 480 4.0
368 484 4.0
368 493 4.0
368 494 4.0
368 497 4.0
368 511 4.0
368 514 4.0
368 525 4.0
368 603 4.0
368 604 4.0
368 607 4.0
368 608 4.0
368 613 4.0
368 657 4.0
368 659 4.0
368 661 4.0
368 705 4.0
368 856 4.0
368 923 4.0
369 1 4.0
369 22 5.0
369 24 4.0
369 50 4.0
369 55 4.0
369 64 5.0
369 69 4.0
369 77 5.0
369 97 4.0
369 98 4.0
369 117 5.0
369 174 5.0
369 175 4.0
369 177 5.0
369 179 5.0
369 180 4.0
369 181 5.0
369 183 4.0
369 194 5.0
369 197 5.0
369 210 5.0
369 237 4.0
369 265 4.0
369 393 5.0
369 431 4.0
369 435 4.0
369 443 4.0
369 449 4.0
369 452 5.0
369 523 4.0
369 627 5.0
369 655 5.0
369 746 5.0
370 5 4.0
370 12 5.0
370 23 5.0
370 44 4.0
370 56 4.0
370 77 4.0
370 79 4.0
370 98 4.0
370 100 4.0
370 129 4.0
370 148 4.0
370 159 5.0
370 176 4.0
370 185 5.0
370 200 5.0
370 201 4.0
370 218 4.0
370 219 4.0
370 262 4.0
370 288 5.0
370 299 5.0
370 322 4.0
370 325 5.0
370 327 5.0
370 332 4.0
370 436 4.0
370 441 4.0
370 443 5.0
370 446 4.0
370 447 5.0
370 547 4.0
370 561 4.0
370 574 4.0
370 595 4.0
370 628 4.0
370 637 4.0
370 649 5.0
370 672 5.0
370 674 4.0
370 678 4.0
370 874 5.0
370 875 4.0
371 2 4.0
371 4 5.0
371 12 5.0
371 15 4.0
371 20 5.0
371 22 5.0
371 24 4.0
371 25 4.0
371 28 4.0
371 31 4.0
371 48 4.0
371 50 4.0
371 58 4.0
371 64 5.0
371 66 4.0
371 68 4.0
371 70 4.0
371 80 4.0
371 81 4.0
371 82 5.0
371 83 4.0
371 89 4.0
371 90 4.0
371 94 4.0
371 95 4.0
371 96 4.0
371 97 4.0
371 99 4.0
371 100 4.0
371 102 5.0
371 105 4.0
371 110 4.0
371 114 4.0
371 117 4.0
371 127 5.0
371 132 4.0
371 136 5.0
371 139 4.0
371 142 4.0
371 143 4.0
371 144 5.0
371 150 4.0
371 151 4.0
371 154 4.0
371 155 4.0
371 156 4.0
371 161 4.0
371 162 4.0
371 163 4.0
371 165 5.0
371 166 4.0
371 172 4.0
371 173 5.0
371 175 4.0
371 177 4.0
371 179 4.0
371 180 4.0
371 181 4.0
371 184 4.0
371 186 4.0
371 189 4.0
371 191 4.0
371 194 5.0
371 195 4.0
371 196 4.0
371 197 5.0
371 202 4.0
371 206 4.0
371 208 4.0
371 209 4.0
371 210 5.0
371 211 5.0
371 213 4.0
371 214 4.0
371 215 4.0
371 217 4.0
371 225 4.0
371 226 4.0
371 228 4.0
371 230 4.0
371 232 4.0
371 239 4.0
371 241 4.0
371 259 4.0
371 265 4.0
371 269 4.0
371 275 5.0
371 278 4.0
371 281 3.0
371 286 4.0
371 290 4.0
371 318 5.0
371 357 4.0
371 366 4.0
371 378 4.0
371 382 4.0
371 386 4.0
371 389 4.0
371 390 5.0
371 392 5.0
371 393 4.0
371 399 4.0
371 401 4.0
371 402 4.0
371 403 4.0
371 404 4.0
371 409 4.0
371 414 4.0
371 417 4.0
371 418 3.0
371 420 4.0
371 421 5.0
371 423 5.0
371 427 4.0
371 431 4.0
371 433 4.0
371 435 5.0
371 451 4.0
371 472 4.0
371 474 5.0
371 480 5.0
371 485 4.0
371 487 5.0
371 488 4.0
371 494 4.0
371 497 4.0
371 499 5.0
371 506 4.0
371 510 5.0
371 514 4.0
371 520 5.0
371 527 4.0
371 550 4.0
371 553 4.0
371 559 4.0
371 566 4.0
371 568 5.0
371 571 3.0
371 577 4.0
371 588 4.0
371 598 1.0
371 603 4.0
371 625 4.0
371 627 4.0
371 645 4.0
371 648 5.0
371 649 4.0
371 651 5.0
371 655 5.0
371 658 4.0
371 660 4.0
371 679 4.0
371 694 5.0
371 699 4.0
371 704 4.0
371 705 4.0
371 707 4.0
371 709 4.0
371 715 4.0
371 724 4.0
371 727 5.0
371 729 4.0
371 732 4.0
371 746 4.0
371 747 4.0
371 748 4.0
371 756 4.0
371 778 4.0
371 828 4.0
371 842 4.0
371 843 4.0
371 849 3.0
371 941 4.0
371 946 4.0
371 949 4.0
372 1 3.0
372 5 3.0
372 7 3.0
372 9 3.0
372 11 3.0
372 12 3.0
372 15 3.0
372 17 3.0
372 23 3.0
372 24 3.0
372 28 3.0
372 29 3.0
372 39 3.0
372 48 3.0
372 50 3.0
372 56 3.0
372 64 3.0
372 66 3.0
372 68 2.0
372 69 3.0
372 70 3.0
372 71 3.0
372 77 3.0
372 87 3.0
372 89 3.0
372 95 3.0
372 97 3.0
372 98 3.0
372 100 3.0
372 106 2.0
372 111 3.0
372 116 3.0
372 118 3.0
372 120 3.0
372 121 3.0
372 122 3.0
372 123 3.0
372 125 3.0
372 126 3.0
372 127 2.0
372 129 3.0
372 135 3.0
372 143 3.0
372 144 3.0
372 147 2.0
372 148 3.0
372 150 2.0
372 151 3.0
372 156 3.0
372 159 4.0
372 161 3.0
372 162 3.0
372 168 3.0
372 173 3.0
372 174 3.0
372 176 3.0
372 182 3.0
372 183 3.0
372 185 2.0
372 186 3.0
372 192 2.0
372 195 3.0
372 197 3.0
372 200 3.0
372 202 3.0
372 204 3.0
372 210 3.0
372 216 3.0
372 218 3.0
372 222 3.0
372 223 3.0
372 225 3.0
372 226 3.0
372 228 3.0
372 229 3.0
372 230 3.0
372 231 3.0
372 233 3.0
372 234 3.0
372 235 2.0
372 237 2.0
372 240 2.0
372 247 3.0
372 248 3.0
372 252 2.0
372 254 3.0
372 257 3.0
372 265 3.0
372 279 2.0
372 280 3.0
372 282 3.0
372 284 3.0
372 289 3.0
372 291 3.0
372 292 2.0
372 310 3.0
372 318 3.0
372 322 3.0
372 323 3.0
372 356 3.0
372 363 3.0
372 369 3.0
372 385 3.0
372 403 4.0
372 405 3.0
372 412 3.0
372 423 3.0
372 424 2.0
372 427 3.0
372 449 3.0
372 450 3.0
372 454 3.0
372 458 3.0
372 463 3.0
372 465 3.0
372 466 2.0
372 467 2.0
372 468 3.0
372 475 3.0
372 476 3.0
372 483 3.0
372 521 2.0
372 527 3.0
372 540 3.0
372 544 3.0
372 550 3.0
372 552 3.0
372 554 2.0
372 558 3.0
372 566 2.0
372 568 3.0
372 572 3.0
372 576 3.0
372 581 3.0
372 591 3.0
372 619 3.0
372 620 3.0
372 628 3.0
372 637 3.0
372 642 3.0
372 651 3.0
372 665 3.0
372 685 3.0
372 692 3.0
372 717 3.0
372 735 3.0
372 741 2.0
372 742 3.0
372 743 3.0
372 756 3.0
372 761 3.0
372 762 3.0
372 770 3.0
372 789 2.0
372 815 3.0
372 819 3.0
372 820 3.0
372 824 2.0
372 844 2.0
372 845 3.0
372 846 3.0
372 872 2.0
372 880 3.0
372 924 3.0
372 928 3.0
372 930 2.0
372 931 3.0
372 932 3.0
372 934 3.0
372 952 3.0
372 963 3.0
372 974 3.0
372 975 3.0
372 977 2.0
372 978 2.0
372 979 3.0
372 983 3.0
372 986 3.0
373 5 4.0
373 44 4.0
373 176 4.0
373 233 4.0
373 288 4.0
373 302 4.0
373 356 4.0
373 443 4.0
373 573 4.0
373 583 4.0
373 603 4.0
373 761 4.0
373 773 4.0
373 939 4.0
374 11 4.0
374 98 4.0
374 154 4.0
374 181 3.0
374 197 4.0
374 198 4.0
374 223 4.0
374 269 4.0
374 274 3.0
374 275 4.0
374 288 4.0
374 301 3.0
374 328 4.0
374 427 4.0
374 603 3.0
374 663 4.0
374 707 4.0
375 56 4.0
375 98 4.0
375 154 4.0
375 164 4.0
375 168 4.0
375 173 4.0
375 219 4.0
375 234 4.0
375 268 4.0
375 272 4.0
375 313 4.0
375 316 4.0
375 323 4.0
375 338 4.0
375 354 4.0
375 358 4.0
375 443 4.0
375 682 4.0
375 748 4.0
376 1 4.0
376 2 3.0
376 4 4.0
376 5 4.0
376 7 3.0
376 8 3.0
376 9 4.0
376 10 3.0
376 11 4.0
376 12 3.0
376 13 3.0
376 14 4.0
376 15 3.0
376 21 4.0
376 22 4.0
376 28 3.0
376 29 3.0
376 31 4.0
376 40 3.0
376 42 4.0
376 43 3.0
376 48 4.0
376 49 4.0
376 50 4.0
376 52 3.0
376 54 3.0
376 58 4.0
376 59 4.0
376 62 4.0
376 63 4.0
376 65 3.0
376 66 4.0
376 68 3.0
376 70 3.0
376 73 3.0
376 77 4.0
376 79 3.0
376 86 4.0
376 87 3.0
376 88 4.0
376 89 4.0
376 91 4.0
376 94 3.0
376 95 3.0
376 99 4.0
376 100 3.0
376 106 3.0
376 110 3.0
376 111 3.0
376 117 3.0
376 121 3.0
376 123 3.0
376 125 4.0
376 126 3.0
376 132 4.0
376 135 4.0
376 141 3.0
376 143 3.0
376 144 4.0
376 148 3.0
376 151 4.0
376 153 4.0
376 155 4.0
376 157 3.0
376 159 4.0
376 161 3.0
376 162 4.0
376 167 3.0
376 172 4.0
376 173 3.0
376 174 3.0
376 175 3.0
376 176 4.0
376 179 3.0
376 180 4.0
376 181 4.0
376 182 3.0
376 186 4.0
376 191 4.0
376 194 4.0
376 195 4.0
376 196 4.0
376 197 4.0
376 200 3.0
376 202 4.0
376 207 4.0
376 210 3.0
376 213 4.0
376 215 4.0
376 217 4.0
376 218 3.0
376 222 3.0
376 223 4.0
376 226 3.0
376 227 3.0
376 230 3.0
376 231 3.0
376 233 3.0
376 234 3.0
376 235 4.0
376 237 3.0
376 239 4.0
376 241 3.0
376 245 3.0
376 248 3.0
376 252 4.0
376 254 3.0
376 255 3.0
376 257 3.0
376 258 3.0
376 269 4.0
376 272 4.0
376 273 3.0
376 274 3.0
376 275 4.0
376 276 3.0
376 277 3.0
376 280 4.0
376 281 4.0
376 282 3.0
376 283 4.0
376 284 4.0
376 285 4.0
376 286 3.0
376 288 3.0
376 289 3.0
376 294 4.0
376 295 3.0
376 298 4.0
376 300 3.0
376 301 4.0
376 302 3.0
376 317 4.0
376 318 3.0
376 319 4.0
376 321 4.0
376 326 3.0
376 328 3.0
376 356 3.0
376 365 3.0
376 380 4.0
376 381 4.0
376 382 4.0
376 385 4.0
376 386 4.0
376 387 3.0
376 392 3.0
376 393 3.0
376 396 3.0
376 401 4.0
376 403 3.0
376 404 3.0
376 405 3.0
376 409 3.0
376 410 3.0
376 411 3.0
376 417 4.0
376 418 4.0
376 419 3.0
376 420 4.0
376 423 4.0
376 432 3.0
376 433 3.0
376 435 4.0
376 447 4.0
376 449 4.0
376 451 4.0
376 458 4.0
376 465 4.0
376 468 3.0
376 469 4.0
376 471 4.0
376 476 3.0
376 479 4.0
376 482 4.0
376 485 4.0
376 496 4.0
376 500 4.0
376 501 4.0
376 508 3.0
376 509 3.0
376 517 4.0
376 527 4.0
376 528 4.0
376 542 4.0
376 546 4.0
376 549 4.0
376 554 3.0
376 559 3.0
376 566 3.0
376 568 4.0
376 572 3.0
376 575 3.0
376 576 3.0
376 582 4.0
376 591 3.0
376 596 4.0
376 597 3.0
376 606 4.0
376 619 3.0
376 620 3.0
376 623 4.0
376 629 4.0
376 631 4.0
376 632 4.0
376 635 4.0
376 636 4.0
376 651 3.0
376 655 3.0
376 663 4.0
376 665 4.0
376 674 4.0
376 684 4.0
376 686 4.0
376 692 4.0
376 693 3.0
376 694 3.0
376 696 3.0
376 699 4.0
376 702 4.0
376 703 3.0
376 707 4.0
376 708 4.0
376 709 3.0
376 715 4.0
376 716 4.0
376 720 3.0
376 722 4.0
376 723 3.0
376 724 3.0
376 729 3.0
376 731 3.0
376 732 3.0
376 734 4.0
376 739 4.0
376 742 4.0
376 747 3.0
376 755 3.0
376 756 3.0
376 762 3.0
376 768 4.0
376 775 3.0
376 778 4.0
376 780 4.0
376 787 3.0
376 792 3.0
376 793 4.0
376 796 4.0
376 806 3.0
376 807 1.0
376 845 3.0
376 866 4.0
376 875 4.0
376 896 3.0
376 918 4.0
376 921 4.0
376 924 3.0
376 926 4.0
376 928 3.0
376 930 4.0
376 939 4.0
376 942 3.0
376 951 4.0
376 959 3.0
376 961 4.0
376 969 4.0
376 972 3.0
376 977 4.0
376 979 3.0
377 4 4.0
377 8 4.0
377 9 4.0
377 23 4.0
377 50 4.0
377 52 4.0
377 54 4.0
377 56 4.0
377 62 4.0
377 63 4.0
377 64 4.0
377 69 4.0
377 79 4.0
377 82 5.0
377 83 4.0
377 88 4.0
377 89 4.0
377 90 4.0
377 93 4.0
377 96 4.0
377 98 4.0
377 100 4.0
377 116 5.0
377 124 4.0
377 127 5.0
377 131 4.0
377 133 4.0
377 135 4.0
377 137 4.0
377 141 4.0
377 152 4.0
377 153 4.0
377 157 4.0
377 158 4.0
377 161 4.0
377 163 4.0
377 168 4.0
377 172 4.0
377 173 5.0
377 174 4.0
377 176 5.0
377 177 4.0
377 178 4.0
377 179 4.0
377 183 5.0
377 186 4.0
377 187 5.0
377 188 3.0
377 191 5.0
377 192 4.0
377 193 4.0
377 194 4.0
377 195 4.0
377 196 4.0
377 199 4.0
377 200 4.0
377 202 4.0
377 203 4.0
377 204 4.0
377 205 4.0
377 208 5.0
377 210 4.0
377 211 4.0
377 216 4.0
377 219 4.0
377 227 4.0
377 230 4.0
377 233 5.0
377 238 4.0
377 239 4.0
377 251 5.0
377 257 4.0
377 270 4.0
377 284 4.0
377 285 5.0
377 294 4.0
377 300 4.0
377 306 4.0
377 310 4.0
377 331 4.0
377 339 4.0
377 357 5.0
377 372 4.0
377 381 5.0
377 383 4.0
377 385 4.0
377 391 3.0
377 393 4.0
377 395 3.0
377 398 4.0
377 402 4.0
377 405 4.0
377 414 4.0
377 417 4.0
377 419 4.0
377 427 4.0
377 428 5.0
377 434 4.0
377 436 4.0
377 443 4.0
377 447 4.0
377 448 4.0
377 451 4.0
377 452 4.0
377 461 4.0
377 480 4.0
377 502 4.0
377 511 4.0
377 514 5.0
377 516 4.0
377 517 4.0
377 520 4.0
377 522 4.0
377 523 4.0
377 527 4.0
377 528 4.0
377 529 4.0
377 530 4.0
377 554 4.0
377 559 4.0
377 563 4.0
377 566 4.0
377 568 4.0
377 575 4.0
377 576 4.0
377 603 4.0
377 616 4.0
377 622 4.0
377 631 4.0
377 636 4.0
377 637 4.0
377 644 4.0
377 649 4.0
377 651 5.0
377 654 4.0
377 655 4.0
377 659 4.0
377 674 4.0
377 684 4.0
377 686 4.0
377 701 4.0
377 704 3.0
377 705 4.0
377 710 4.0
377 712 4.0
377 729 4.0
377 732 4.0
377 735 4.0
377 746 4.0
377 842 5.0
377 855 4.0
378 1 3.0
378 9 3.0
378 12 3.0
378 22 3.0
378 28 3.0
378 31 3.0
378 38 3.0
378 58 3.0
378 59 3.0
378 60 3.0
378 61 3.0
378 62 3.0
378 69 3.0
378 71 3.0
378 81 3.0
378 95 3.0
378 98 3.0
378 100 3.0
378 109 3.0
378 114 3.0
378 118 3.0
378 121 3.0
378 132 3.0
378 134 3.0
378 135 3.0
378 139 3.0
378 152 3.0
378 154 3.0
378 161 3.0
378 163 3.0
378 168 3.0
378 170 3.0
378 172 3.0
378 176 3.0
378 177 3.0
378 181 3.0
378 182 3.0
378 183 3.0
378 185 3.0
378 186 3.0
378 190 3.0
378 194 3.0
378 197 3.0
378 204 3.0
378 208 3.0
378 213 3.0
378 215 3.0
378 217 3.0
378 222 3.0
378 228 3.0
378 229 3.0
378 238 3.0
378 241 3.0
378 258 3.0
378 265 3.0
378 270 3.0
378 286 3.0
378 300 3.0
378 313 3.0
378 315 3.0
378 340 3.0
378 356 3.0
378 357 3.0
378 382 3.0
378 414 3.0
378 416 3.0
378 419 3.0
378 423 3.0
378 425 3.0
378 427 3.0
378 428 3.0
378 433 3.0
378 435 3.0
378 443 3.0
378 449 3.0
378 462 3.0
378 463 3.0
378 465 3.0
378 474 3.0
378 479 3.0
378 483 3.0
378 496 3.0
378 502 3.0
378 506 3.0
378 512 3.0
378 515 3.0
378 518 3.0
378 521 3.0
378 527 3.0
378 530 3.0
378 554 3.0
378 561 3.0
378 566 3.0
378 573 3.0
378 587 3.0
378 614 3.0
378 630 3.0
378 631 3.0
378 651 3.0
378 654 3.0
378 663 3.0
378 664 3.0
378 665 3.0
378 670 3.0
378 684 3.0
378 699 3.0
378 708 3.0
378 709 3.0
378 712 3.0
378 729 3.0
378 732 3.0
378 736 3.0
378 744 3.0
378 750 3.0
378 751 3.0
378 753 2.0
378 770 3.0
378 856 3.0
378 923 3.0
378 956 3.0
378 959 3.0
379 1 4.0
379 13 4.0
379 14 4.0
379 15 3.0
379 16 3.0
379 20 4.0
379 30 4.0
379 49 4.0
379 50 4.0
379 59 4.0
379 77 4.0
379 83 3.0
379 89 4.0
379 94 4.0
379 97 4.0
379 99 3.0
379 100 3.0
379 102 4.0
379 129 4.0
379 132 3.0
379 133 4.0
379 134 4.0
379 135 4.0
379 139 3.0
379 150 4.0
379 151 4.0
379 175 4.0
379 178 3.0
379 191 4.0
379 212 4.0
379 214 4.0
379 216 4.0
379 217 4.0
379 228 3.0
379 259 4.0
379 276 3.0
379 281 3.0
379 283 4.0
379 294 4.0
379 303 4.0
379 304 4.0
379 318 3.0
379 344 3.0
379 378 4.0
379 403 4.0
379 418 3.0
379 432 3.0
379 443 3.0
379 462 4.0
379 473 4.0
379 479 4.0
379 485 4.0
379 487 4.0
379 493 3.0
379 495 4.0
379 498 3.0
379 501 4.0
379 509 4.0
379 512 4.0
379 514 4.0
379 526 4.0
379 529 4.0
379 566 4.0
379 582 4.0
379 607 4.0
379 631 3.0
379 634 3.0
379 640 3.0
379 647 4.0
379 652 4.0
379 656 4.0
379 657 3.0
379 660 4.0
379 673 4.0
379 682 3.0
379 693 3.0
379 694 4.0
379 705 4.0
379 724 4.0
379 742 4.0
379 771 4.0
379 778 4.0
379 847 4.0
379 887 4.0
379 898 3.0
379 914 3.0
379 934 3.0
379 995 3.0
380 7 4.0
380 9 3.0
380 25 3.0
380 56 3.0
380 100 3.0
380 122 4.0
380 127 3.0
380 134 3.0
380 135 4.0
380 137 4.0
380 171 3.0
380 180 4.0
380 183 3.0
380 197 3.0
380 258 3.0
380 276 3.0
380 290 3.0
380 332 3.0
380 334 3.0
380 357 3.0
380 474 3.0
380 475 3.0
380 482 3.0
380 504 3.0
380 507 3.0
380 511 3.0
380 546 4.0
380 717 4.0
381 9 4.0
381 14 5.0
381 19 5.0
381 58 4.0
381 81 5.0
381 86 4.0
381 89 4.0
381 100 5.0
381 132 4.0
381 134 5.0
381 137 5.0
381 182 5.0
381 193 4.0
381 197 4.0
381 203 5.0
381 205 4.0
381 223 4.0
381 237 5.0
381 238 5.0
381 268 5.0
381 272 4.0
381 285 5.0
381 302 4.0
381 313 4.0
381 315 4.0
381 319 5.0
381 357 4.0
381 425 5.0
381 427 5.0
381 435 4.0
381 464 5.0
381 474 4.0
381 475 5.0
381 478 4.0
381 479 5.0
381 480 4.0
381 483 4.0
381 484 5.0
381 504 5.0
381 505 5.0
381 513 5.0
381 639 5.0
381 641 5.0
381 654 4.0
381 657 4.0
381 663 4.0
382 289 4.0
382 302 4.0
382 313 4.0
382 316 4.0
382 327 4.0
382 329 4.0
382 333 4.0
382 343 4.0
382 748 4.0
383 4 3.0
383 8 3.0
383 12 3.0
383 18 2.0
383 24 3.0
383 29 2.0
383 32 3.0
383 37 2.0
383 46 2.0
383 47 3.0
383 48 3.0
383 50 3.0
383 53 2.0
383 56 3.0
383 58 3.0
383 59 3.0
383 61 3.0
383 79 3.0
383 81 2.0
383 82 3.0
383 87 3.0
383 89 3.0
383 93 2.0
383 98 3.0
383 99 3.0
383 111 3.0
383 114 3.0
383 122 3.0
383 127 3.0
383 128 3.0
383 129 3.0
383 131 3.0
383 133 3.0
383 134 3.0
383 136 3.0
383 143 3.0
383 144 3.0
383 145 3.0
383 151 3.0
383 152 2.0
383 153 3.0
383 156 3.0
383 160 2.0
383 168 3.0
383 169 2.0
383 171 2.0
383 172 3.0
383 173 3.0
383 174 3.0
383 175 3.0
383 177 3.0
383 180 2.0
383 181 3.0
383 183 3.0
383 185 3.0
383 186 3.0
383 187 3.0
383 189 3.0
383 191 3.0
383 192 3.0
383 194 3.0
383 195 3.0
383 199 3.0
383 200 3.0
383 207 3.0
383 208 3.0
383 209 2.0
383 211 3.0
383 216 3.0
383 217 3.0
383 218 3.0
383 219 3.0
383 221 3.0
383 224 3.0
383 235 2.0
383 236 3.0
383 238 3.0
383 249 3.0
383 250 3.0
383 253 3.0
383 254 2.0
383 256 4.0
383 257 3.0
383 262 3.0
383 273 3.0
383 276 3.0
383 283 3.0
383 285 3.0
383 286 3.0
383 290 3.0
383 293 3.0
383 304 3.0
383 305 2.0
383 318 3.0
383 320 1.0
383 325 3.0
383 337 2.0
383 340 2.0
383 346 2.0
383 347 3.0
383 367 3.0
383 383 3.0
383 384 3.0
383 385 3.0
383 403 2.0
383 405 3.0
383 408 3.0
383 417 3.0
383 419 3.0
383 423 3.0
383 425 3.0
383 427 3.0
383 428 3.0
383 429 3.0
383 430 3.0
383 433 2.0
383 435 3.0
383 443 3.0
383 444 3.0
383 447 3.0
383 451 3.0
383 455 3.0
383 458 3.0
383 461 3.0
383 462 3.0
383 473 3.0
383 474 3.0
383 479 3.0
383 480 3.0
383 483 3.0
383 484 3.0
383 485 3.0
383 486 3.0
383 487 3.0
383 489 3.0
383 492 3.0
383 496 3.0
383 502 3.0
383 503 3.0
383 506 3.0
383 508 3.0
383 511 3.0
383 512 3.0
383 521 3.0
383 523 3.0
383 524 3.0
383 525 3.0
383 529 3.0
383 557 3.0
383 603 3.0
383 604 3.0
383 606 3.0
383 616 3.0
383 629 2.0
383 631 2.0
383 650 3.0
383 652 3.0
383 653 3.0
383 654 3.0
383 657 3.0
383 658 3.0
383 659 3.0
383 661 3.0
383 664 3.0
383 673 3.0
383 674 3.0
383 675 3.0
383 705 3.0
383 719 3.0
383 727 3.0
383 732 2.0
383 739 3.0
383 745 5.0
383 794 3.0
383 811 2.0
383 851 5.0
383 855 3.0
383 865 3.0
383 871 3.0
383 896 3.0
383 900 3.0
383 919 2.0
383 922 4.0
383 940 2.0
383 942 3.0
383 945 3.0
383 959 2.0
383 961 2.0
383 965 3.0
384 24 4.0
384 273 4.0
384 281 3.0
384 323 4.0
384 405 4.0
384 455 4.0
384 515 4.0
384 546 3.0
384 597 4.0
384 825 4.0
385 2 4.0
385 4 4.0
385 7 4.0
385 8 3.0
385 10 5.0
385 11 5.0
385 13 4.0
385 20 5.0
385 22 4.0
385 23 5.0
385 24 4.0
385 27 3.0
385 31 2.0
385 32 4.0
385 33 3.0
385 39 3.0
385 46 5.0
385 47 4.0
385 48 3.0
385 50 4.0
385 52 4.0
385 55 3.0
385 56 4.0
385 58 3.0
385 61 3.0
385 62 4.0
385 64 5.0
385 68 5.0
385 69 5.0
385 71 4.0
385 76 3.0
385 79 4.0
385 81 3.0
385 82 4.0
385 83 3.0
385 89 3.0
385 91 3.0
385 92 3.0
385 93 4.0
385 96 3.0
385 97 3.0
385 98 4.0
385 99 4.0
385 101 4.0
385 102 4.0
385 107 2.0
385 113 5.0
385 114 4.0
385 116 5.0
385 117 3.0
385 121 3.0
385 123 3.0
385 127 4.0
385 129 4.0
385 133 4.0
385 135 4.0
385 136 4.0
385 144 4.0
385 147 3.0
385 151 4.0
385 156 4.0
385 161 3.0
385 168 4.0
385 169 5.0
385 176 4.0
385 180 4.0
385 181 4.0
385 183 4.0
385 184 3.0
385 186 4.0
385 187 5.0
385 189 5.0
385 190 4.0
385 192 5.0
385 193 3.0
385 194 4.0
385 195 4.0
385 196 3.0
385 197 5.0
385 198 4.0
385 199 3.0
385 200 4.0
385 201 4.0
385 202 4.0
385 203 3.0
385 205 3.0
385 206 2.0
385 208 4.0
385 209 4.0
385 211 4.0
385 215 3.0
385 217 4.0
385 218 4.0
385 219 4.0
385 222 4.0
385 223 4.0
385 224 5.0
385 226 3.0
385 227 4.0
385 228 4.0
385 229 3.0
385 230 4.0
385 231 3.0
385 238 4.0
385 246 4.0
385 248 3.0
385 250 5.0
385 258 4.0
385 265 4.0
385 268 3.0
385 273 4.0
385 277 3.0
385 288 4.0
385 289 4.0
385 293 4.0
385 294 3.0
385 295 3.0
385 298 4.0
385 317 5.0
385 318 4.0
385 319 4.0
385 320 4.0
385 321 3.0
385 325 5.0
385 333 3.0
385 357 5.0
385 380 3.0
385 381 3.0
385 385 4.0
385 393 3.0
385 403 4.0
385 410 3.0
385 414 3.0
385 418 4.0
385 423 3.0
385 428 4.0
385 429 4.0
385 430 3.0
385 431 4.0
385 432 4.0
385 434 4.0
385 435 4.0
385 436 4.0
385 441 3.0
385 444 4.0
385 446 5.0
385 447 5.0
385 448 3.0
385 455 3.0
385 458 4.0
385 461 3.0
385 463 5.0
385 470 3.0
385 473 3.0
385 474 4.0
385 475 4.0
385 477 3.0
385 488 3.0
385 496 5.0
385 501 4.0
385 508 5.0
385 511 5.0
385 514 3.0
385 520 4.0
385 526 5.0
385 528 3.0
385 532 4.0
385 547 4.0
385 549 2.0
385 558 2.0
385 559 3.0
385 561 2.0
385 564 3.0
385 566 4.0
385 569 4.0
385 578 5.0
385 580 3.0
385 582 3.0
385 583 3.0
385 593 4.0
385 603 5.0
385 619 5.0
385 625 3.0
385 642 3.0
385 650 4.0
385 651 4.0
385 659 4.0
385 672 3.0
385 674 3.0
385 678 3.0
385 679 4.0
385 684 4.0
385 692 3.0
385 693 3.0
385 697 3.0
385 732 3.0
385 735 4.0
385 737 4.0
385 742 3.0
385 744 4.0
385 746 4.0
385 768 3.0
385 769 3.0
385 772 3.0
385 773 4.0
385 774 3.0
385 789 4.0
385 790 5.0
385 806 4.0
385 844 4.0
385 845 3.0
385 854 3.0
385 919 5.0
385 943 3.0
385 952 5.0
385 969 4.0
385 972 2.0
385 984 2.0
386 1 5.0
386 5 5.0
386 56 4.0
386 100 4.0
386 111 4.0
386 147 5.0
386 184 5.0
386 237 4.0
386 259 5.0
386 300 4.0
386 301 4.0
386 302 4.0
386 307 5.0
386 310 4.0
386 313 4.0
386 315 4.0
386 323 4.0
386 326 5.0
386 333 5.0
386 508 4.0
386 569 4.0
386 596 4.0
386 628 5.0
386 678 5.0
386 680 5.0
386 682 5.0
386 690 4.0
386 742 4.0
386 769 5.0
386 816 5.0
386 845 5.0
386 871 5.0
387 4 4.0
387 8 4.0
387 23 4.0
387 25 4.0
387 28 4.0
387 29 3.0
387 38 3.0
387 40 4.0
387 42 4.0
387 47 4.0
387 50 3.0
387 53 4.0
387 56 4.0
387 59 4.0
387 64 4.0
387 65 3.0
387 71 3.0
387 72 3.0
387 77 3.0
387 79 4.0
387 80 3.0
387 81 3.0
387 82 3.0
387 88 3.0
387 90 4.0
387 94 4.0
387 95 4.0
387 98 4.0
387 99 3.0
387 100 4.0
387 105 3.0
387 109 3.0
387 111 3.0
387 118 3.0
387 124 4.0
387 127 4.0
387 131 3.0
387 132 4.0
387 136 4.0
387 142 4.0
387 151 4.0
387 152 3.0
387 153 3.0
387 154 4.0
387 159 3.0
387 160 4.0
387 167 3.0
387 168 4.0
387 172 4.0
387 173 4.0
387 174 4.0
387 176 4.0
387 178 4.0
387 179 4.0
387 181 4.0
387 185 4.0
387 186 3.0
387 191 4.0
387 194 4.0
387 197 4.0
387 202 4.0
387 204 4.0
387 205 4.0
387 208 4.0
387 210 4.0
387 211 4.0
387 216 4.0
387 217 4.0
387 234 4.0
387 238 4.0
387 249 3.0
387 275 4.0
387 283 3.0
387 285 4.0
387 300 3.0
387 301 4.0
387 378 3.0
387 383 3.0
387 384 4.0
387 393 4.0
387 395 2.0
387 396 3.0
387 401 3.0
387 402 3.0
387 404 4.0
387 407 4.0
387 410 3.0
387 411 3.0
387 414 3.0
387 416 4.0
387 420 3.0
387 423 4.0
387 427 4.0
387 428 4.0
387 429 4.0
387 435 4.0
387 451 4.0
387 454 3.0
387 467 4.0
387 471 4.0
387 474 4.0
387 475 4.0
387 477 3.0
387 478 3.0
387 479 4.0
387 480 4.0
387 481 3.0
387 483 4.0
387 484 4.0
387 490 3.0
387 491 4.0
387 492 3.0
387 493 4.0
387 496 3.0
387 497 3.0
387 498 3.0
387 499 4.0
387 501 4.0
387 503 4.0
387 504 4.0
387 506 4.0
387 507 4.0
387 509 4.0
387 510 4.0
387 514 4.0
387 517 3.0
387 518 3.0
387 519 4.0
387 520 4.0
387 525 4.0
387 526 4.0
387 527 4.0
387 531 4.0
387 550 3.0
387 558 4.0
387 568 3.0
387 583 3.0
387 584 4.0
387 588 4.0
387 591 4.0
387 602 3.0
387 604 3.0
387 605 4.0
387 607 4.0
387 610 4.0
387 612 4.0
387 613 4.0
387 616 3.0
387 630 4.0
387 631 3.0
387 642 4.0
387 649 4.0
387 656 4.0
387 657 3.0
387 661 4.0
387 662 4.0
387 674 3.0
387 693 3.0
387 699 4.0
387 700 4.0
387 705 4.0
387 712 3.0
387 715 3.0
387 731 3.0
387 732 3.0
387 736 3.0
387 739 3.0
387 756 4.0
387 785 4.0
387 792 4.0
387 820 3.0
387 824 3.0
387 835 4.0
387 836 3.0
387 845 4.0
387 847 3.0
387 923 3.0
387 926 3.0
387 942 4.0
387 945 3.0
387 954 4.0
387 955 4.0
387 965 3.0
387 997 3.0
388 9 4.0
388 100 4.0
388 126 3.0
388 283 4.0
388 289 4.0
388 302 4.0
388 319 4.0
388 328 4.0
388 329 4.0
388 331 4.0
388 515 4.0
388 713 4.0
388 742 4.0
388 845 4.0
388 989 4.0
388 990 4.0
389 8 4.0
389 9 4.0
389 12 5.0
389 15 4.0
389 26 4.0
389 47 4.0
389 48 4.0
389 56 4.0
389 58 4.0
389 59 4.0
389 60 3.0
389 61 4.0
389 64 4.0
389 69 5.0
389 71 4.0
389 76 4.0
389 89 4.0
389 97 4.0
389 100 5.0
389 132 4.0
389 134 4.0
389 148 5.0
389 168 4.0
389 173 4.0
389 182 4.0
389 188 5.0
389 191 5.0
389 195 4.0
389 197 4.0
389 200 5.0
389 203 4.0
389 204 4.0
389 205 4.0
389 213 4.0
389 215 4.0
389 222 4.0
389 234 4.0
389 237 4.0
389 258 4.0
389 264 4.0
389 276 4.0
389 282 4.0
389 286 4.0
389 288 4.0
389 294 5.0
389 300 4.0
389 318 4.0
389 328 4.0
389 334 4.0
389 357 4.0
389 421 4.0
389 458 4.0
389 460 4.0
389 462 4.0
389 471 4.0
389 474 5.0
389 479 3.0
389 480 5.0
389 482 4.0
389 483 5.0
389 490 4.0
389 491 4.0
389 497 5.0
389 498 4.0
389 504 4.0
389 508 5.0
389 510 5.0
389 527 4.0
389 530 4.0
389 544 4.0
389 546 4.0
389 603 5.0
389 604 4.0
389 628 4.0
389 659 4.0
389 661 5.0
389 678 4.0
389 748 4.0
389 772 4.0
389 774 4.0
389 924 4.0
389 963 5.0
390 8 4.0
390 23 5.0
390 50 4.0
390 58 4.0
390 59 4.0
390 98 4.0
390 99 4.0
390 129 4.0
390 134 4.0
390 165 4.0
390 166 3.0
390 169 4.0
390 170 4.0
390 172 4.0
390 173 4.0
390 178 4.0
390 179 3.0
390 180 4.0
390 181 4.0
390 189 4.0
390 191 3.0
390 197 3.0
390 199 4.0
390 200 4.0
390 209 4.0
390 244 3.0
390 246 3.0
390 248 4.0
390 249 4.0
390 250 4.0
390 255 4.0
390 257 4.0
390 258 4.0
390 268 4.0
390 270 3.0
390 271 4.0
390 272 4.0
390 276 4.0
390 286 4.0
390 288 3.0
390 289 4.0
390 293 4.0
390 294 3.0
390 297 4.0
390 298 4.0
390 300 4.0
390 302 4.0
390 303 3.0
390 304 3.0
390 312 4.0
390 313 4.0
390 319 4.0
390 323 4.0
390 324 4.0
390 325 4.0
390 333 4.0
390 344 4.0
390 345 4.0
390 463 4.0
390 482 3.0
390 488 3.0
390 491 4.0
390 492 3.0
390 493 4.0
390 511 4.0
390 515 4.0
390 534 4.0
390 538 4.0
390 615 4.0
390 632 4.0
390 650 3.0
390 663 3.0
390 705 3.0
390 813 4.0
390 847 4.0
390 872 4.0
390 873 3.0
390 880 4.0
391 2 4.0
391 3 4.0
391 4 4.0
391 5 4.0
391 7 4.0
391 11 4.0
391 12 4.0
391 15 4.0
391 17 4.0
391 21 4.0
391 22 4.0
391 24 4.0
391 25 4.0
391 26 4.0
391 27 4.0
391 28 3.0
391 29 4.0
391 31 4.0
391 36 3.0
391 38 4.0
391 40 4.0
391 41 4.0
391 42 4.0
391 48 4.0
391 49 4.0
391 50 4.0
391 51 4.0
391 54 4.0
391 55 4.0
391 56 4.0
391 58 4.0
391 62 4.0
391 64 4.0
391 65 4.0
391 67 4.0
391 68 4.0
391 69 4.0
391 70 4.0
391 71 4.0
391 72 4.0
391 78 4.0
391 79 4.0
391 81 4.0
391 83 4.0
391 85 3.0
391 86 4.0
391 87 4.0
391 88 4.0
391 89 4.0
391 90 4.0
391 94 4.0
391 95 4.0
391 99 4.0
391 100 4.0
391 105 4.0
391 108 4.0
391 109 4.0
391 110 4.0
391 111 4.0
391 117 4.0
391 118 4.0
391 122 4.0
391 123 4.0
391 126 4.0
391 128 4.0
391 132 4.0
391 135 4.0
391 136 4.0
391 138 4.0
391 139 3.0
391 142 4.0
391 144 4.0
391 147 3.0
391 148 4.0
391 153 3.0
391 154 4.0
391 161 4.0
391 168 4.0
391 169 4.0
391 172 4.0
391 173 3.0
391 181 4.0
391 184 4.0
391 186 4.0
391 189 4.0
391 191 4.0
391 194 4.0
391 196 4.0
391 202 4.0
391 203 4.0
391 204 4.0
391 206 4.0
391 215 4.0
391 222 4.0
391 227 4.0
391 228 4.0
391 233 4.0
391 239 4.0
391 240 4.0
391 241 4.0
391 243 4.0
391 245 4.0
391 252 4.0
391 255 4.0
391 257 4.0
391 258 4.0
391 265 4.0
391 270 4.0
391 271 4.0
391 273 4.0
391 274 4.0
391 275 4.0
391 278 4.0
391 280 4.0
391 281 4.0
391 283 4.0
391 290 4.0
391 291 4.0
391 294 4.0
391 298 4.0
391 303 4.0
391 313 4.0
391 316 4.0
391 317 3.0
391 318 3.0
391 321 4.0
391 323 4.0
391 328 4.0
391 333 4.0
391 338 4.0
391 342 4.0
391 344 4.0
391 347 4.0
391 349 2.0
391 354 4.0
391 355 4.0
391 356 4.0
391 357 4.0
391 362 3.0
391 363 4.0
391 364 3.0
391 365 3.0
391 366 4.0
391 369 4.0
391 373 4.0
391 374 4.0
391 376 4.0
391 377 4.0
391 378 4.0
391 380 4.0
391 385 4.0
391 386 3.0
391 391 4.0
391 393 4.0
391 394 4.0
391 396 4.0
391 402 4.0
391 403 4.0
391 404 4.0
391 409 4.0
391 410 4.0
391 412 4.0
391 415 3.0
391 417 4.0
391 418 4.0
391 419 4.0
391 420 4.0
391 421 4.0
391 431 4.0
391 443 4.0
391 456 4.0
391 459 4.0
391 463 4.0
391 465 4.0
391 470 4.0
391 471 4.0
391 472 4.0
391 473 4.0
391 476 4.0
391 477 4.0
391 480 4.0
391 494 4.0
391 496 4.0
391 497 4.0
391 501 4.0
391 527 4.0
391 538 4.0
391 539 3.0
391 540 4.0
391 544 4.0
391 546 4.0
391 550 4.0
391 552 4.0
391 553 4.0
391 554 4.0
391 559 4.0
391 561 4.0
391 566 4.0
391 568 4.0
391 569 4.0
391 571 4.0
391 576 4.0
391 578 4.0
391 588 4.0
391 591 4.0
391 596 4.0
391 597 4.0
391 620 4.0
391 622 4.0
391 623 4.0
391 628 4.0
391 630 4.0
391 633 4.0
391 636 4.0
391 644 4.0
391 651 3.0
391 655 4.0
391 659 4.0
391 672 4.0
391 681 3.0
391 683 3.0
391 685 4.0
391 686 4.0
391 687 4.0
391 690 4.0
391 692 4.0
391 696 3.0
391 705 4.0
391 710 4.0
391 715 4.0
391 717 4.0
391 721 3.0
391 722 4.0
391 725 4.0
391 728 4.0
391 731 4.0
391 737 3.0
391 739 4.0
391 742 4.0
391 747 4.0
391 751 4.0
391 755 4.0
391 756 4.0
391 763 4.0
391 771 4.0
391 775 4.0
391 778 4.0
391 779 4.0
391 780 4.0
391 781 4.0
391 783 4.0
391 789 4.0
391 792 4.0
391 794 4.0
391 797 4.0
391 802 4.0
391 805 4.0
391 808 4.0
391 810 4.0
391 812 4.0
391 815 4.0
391 821 4.0
391 824 4.0
391 825 4.0
391 826 4.0
391 831 4.0
391 836 4.0
391 840 4.0
391 841 4.0
391 842 4.0
391 843 3.0
391 845 4.0
391 870 2.0
391 871 4.0
391 876 4.0
391 879 4.0
391 890 4.0
391 905 4.0
391 922 3.0
391 924 3.0
391 926 4.0
391 929 4.0
391 930 4.0
391 932 4.0
391 939 4.0
391 940 4.0
391 944 4.0
391 949 4.0
391 951 4.0
391 953 4.0
391 964 3.0
391 977 3.0
391 996 3.0
391 997 4.0
391 999 4.0
391 1000 3.0
392 1 4.0
392 4 4.0
392 7 4.0
392 22 4.0
392 28 4.0
392 31 4.0
392 38 4.0
392 42 4.0
392 50 4.0
392 56 4.0
392 67 4.0
392 68 4.0
392 72 4.0
392 73 4.0
392 79 4.0
392 84 4.0
392 88 4.0
392 96 4.0
392 97 4.0
392 98 4.0
392 101 4.0
392 109 4.0
392 117 4.0
392 121 4.0
392 128 4.0
392 132 4.0
392 144 4.0
392 154 4.0
392 156 3.0
392 158 3.0
392 161 4.0
392 164 4.0
392 172 4.0
392 174 4.0
392 179 4.0
392 181 4.0
392 184 4.0
392 186 4.0
392 195 4.0
392 208 4.0
392 210 4.0
392 216 4.0
392 217 4.0
392 218 4.0
392 226 4.0
392 227 4.0
392 228 4.0
392 229 3.0
392 230 4.0
392 232 4.0
392 233 4.0
392 238 4.0
392 250 3.0
392 257 4.0
392 265 3.0
392 288 4.0
392 313 4.0
392 364 4.0
392 383 4.0
392 385 4.0
392 386 3.0
392 402 4.0
392 411 4.0
392 416 4.0
392 423 4.0
392 433 4.0
392 449 4.0
392 450 4.0
392 455 4.0
392 496 4.0
392 508 4.0
392 541 4.0
392 550 4.0
392 552 4.0
392 559 4.0
392 561 4.0
392 568 4.0
392 576 4.0
392 597 4.0
392 655 4.0
392 658 4.0
392 665 4.0
392 679 4.0
392 739 4.0
392 746 4.0
392 763 4.0
392 771 4.0
392 773 4.0
392 780 4.0
392 797 4.0
392 802 4.0
393 1 5.0
393 15 4.0
393 50 4.0
393 64 5.0
393 89 5.0
393 97 5.0
393 98 5.0
393 100 5.0
393 121 5.0
393 151 4.0
393 154 5.0
393 174 4.0
393 186 4.0
393 216 4.0
393 231 4.0
393 237 4.0
393 240 4.0
393 252 4.0
393 255 5.0
393 257 5.0
393 313 4.0
393 315 4.0
393 328 4.0
393 342 5.0
393 378 5.0
393 423 5.0
393 458 4.0
393 472 5.0
393 596 4.0
393 739 5.0
393 892 5.0
393 924 5.0
394 1 4.0
394 9 3.0
394 25 3.0
394 100 4.0
394 106 3.0
394 117 4.0
394 121 3.0
394 125 4.0
394 148 3.0
394 237 3.0
394 245 3.0
394 260 3.0
394 274 4.0
394 282 3.0
394 288 3.0
394 300 3.0
394 322 3.0
394 333 3.0
394 471 4.0
394 591 3.0
394 597 3.0
394 678 3.0
394 717 3.0
394 742 3.0
394 751 3.0
394 829 3.0
394 840 3.0
394 841 3.0
394 871 3.0
394 977 3.0
394 986 4.0
395 7 4.0
395 22 4.0
395 23 3.0
395 50 3.0
395 56 3.0
395 95 4.0
395 100 4.0
395 108 4.0
395 117 4.0
395 127 4.0
395 134 4.0
395 135 4.0
395 171 4.0
395 172 4.0
395 174 4.0
395 177 4.0
395 178 4.0
395 183 4.0
395 192 3.0
395 194 4.0
395 195 3.0
395 197 4.0
395 199 3.0
395 210 3.0
395 221 4.0
395 261 4.0
395 268 3.0
395 273 3.0
395 286 4.0
395 288 3.0
395 302 3.0
395 313 4.0
395 318 4.0
395 322 3.0
395 324 3.0
395 325 4.0
395 332 3.0
395 334 3.0
395 338 3.0
395 340 4.0
395 345 4.0
395 390 4.0
395 423 4.0
395 435 4.0
395 457 3.0
395 475 4.0
395 483 4.0
395 498 4.0
395 504 3.0
395 513 4.0
395 588 3.0
395 611 3.0
395 615 4.0
395 641 4.0
395 657 3.0
395 680 3.0
395 705 4.0
395 748 4.0
395 751 3.0
395 853 5.0
395 855 4.0
395 878 3.0
395 894 4.0
395 988 4.0
395 989 3.0
395 991 2.0
396 2 5.0
396 4 4.0
396 12 5.0
396 13 4.0
396 15 4.0
396 25 5.0
396 28 4.0
396 31 4.0
396 47 4.0
396 49 4.0
396 50 4.0
396 56 4.0
396 63 4.0
396 64 4.0
396 65 4.0
396 66 4.0
396 69 4.0
396 70 4.0
396 72 4.0
396 73 4.0
396 82 4.0
396 85 5.0
396 87 4.0
396 94 4.0
396 95 4.0
396 117 4.0
396 124 4.0
396 125 4.0
396 126 4.0
396 127 4.0
396 132 4.0
396 134 5.0
396 144 4.0
396 152 4.0
396 154 4.0
396 158 4.0
396 159 4.0
396 163 4.0
396 167 4.0
396 168 5.0
396 172 4.0
396 174 4.0
396 176 5.0
396 178 4.0
396 181 5.0
396 182 4.0
396 183 4.0
396 186 4.0
396 191 4.0
396 194 4.0
396 196 5.0
396 197 4.0
396 199 4.0
396 202 4.0
396 203 4.0
396 204 5.0
396 211 4.0
396 216 5.0
396 228 4.0
396 229 4.0
396 230 4.0
396 234 5.0
396 235 4.0
396 239 4.0
396 274 4.0
396 276 4.0
396 284 4.0
396 357 4.0
396 385 4.0
396 393 4.0
396 399 4.0
396 403 4.0
396 414 4.0
396 417 4.0
396 423 4.0
396 429 4.0
396 430 4.0
396 432 4.0
396 435 5.0
396 474 4.0
396 476 4.0
396 479 4.0
396 480 4.0
396 481 4.0
396 485 4.0
396 491 4.0
396 493 5.0
396 494 5.0
396 496 4.0
396 497 4.0
396 498 4.0
396 501 5.0
396 502 5.0
396 504 4.0
396 510 4.0
396 514 4.0
396 519 4.0
396 520 5.0
396 521 4.0
396 523 4.0
396 525 4.0
396 588 4.0
396 589 4.0
396 591 4.0
396 602 4.0
396 654 5.0
396 659 4.0
396 661 4.0
396 663 4.0
396 700 4.0
396 710 4.0
396 715 4.0
396 732 5.0
396 735 4.0
396 737 4.0
396 756 4.0
396 796 5.0
396 953 4.0
396 969 4.0
396 991 2.0
396 993 4.0
397 2 3.0
397 5 3.0
397 8 3.0
397 9 3.0
397 12 3.0
397 15 3.0
397 22 3.0
397 26 3.0
397 33 3.0
397 38 3.0
397 41 3.0
397 42 3.0
397 43 3.0
397 48 3.0
397 50 3.0
397 53 3.0
397 55 2.0
397 56 3.0
397 57 3.0
397 58 3.0
397 62 3.0
397 63 3.0
397 64 3.0
397 66 3.0
397 67 3.0
397 68 3.0
397 69 3.0
397 71 3.0
397 72 3.0
397 73 3.0
397 77 3.0
397 79 3.0
397 80 3.0
397 84 3.0
397 91 3.0
397 93 3.0
397 94 3.0
397 95 3.0
397 97 3.0
397 98 3.0
397 99 3.0
397 102 3.0
397 110 3.0
397 114 3.0
397 117 3.0
397 118 3.0
397 121 3.0
397 127 3.0
397 128 3.0
397 132 3.0
397 140 3.0
397 143 3.0
397 144 3.0
397 147 3.0
397 148 3.0
397 153 3.0
397 155 3.0
397 156 3.0
397 157 3.0
397 161 3.0
397 164 3.0
397 168 3.0
397 172 3.0
397 174 3.0
397 175 3.0
397 179 3.0
397 180 3.0
397 181 3.0
397 186 3.0
397 187 3.0
397 188 3.0
397 195 3.0
397 196 3.0
397 203 3.0
397 204 3.0
397 210 3.0
397 214 3.0
397 215 3.0
397 219 3.0
397 223 3.0
397 227 3.0
397 228 3.0
397 229 3.0
397 230 3.0
397 231 3.0
397 233 3.0
397 234 3.0
397 237 3.0
397 238 3.0
397 239 3.0
397 241 3.0
397 264 3.0
397 265 3.0
397 268 3.0
397 273 3.0
397 274 3.0
397 276 3.0
397 282 3.0
397 284 3.0
397 288 3.0
397 289 3.0
397 291 3.0
397 295 3.0
397 301 3.0
397 307 3.0
397 318 3.0
397 323 3.0
397 332 3.0
397 338 3.0
397 340 3.0
397 364 3.0
397 372 3.0
397 378 3.0
397 380 3.0
397 382 3.0
397 383 3.0
397 384 2.0
397 385 3.0
397 386 3.0
397 388 3.0
397 389 3.0
397 395 3.0
397 399 3.0
397 400 2.0
397 401 3.0
397 402 3.0
397 403 3.0
397 405 3.0
397 407 3.0
397 412 3.0
397 413 3.0
397 418 3.0
397 420 3.0
397 423 3.0
397 431 3.0
397 432 3.0
397 436 3.0
397 444 2.0
397 450 3.0
397 451 3.0
397 452 3.0
397 454 3.0
397 455 3.0
397 459 3.0
397 470 3.0
397 471 3.0
397 475 3.0
397 486 3.0
397 496 3.0
397 501 3.0
397 506 3.0
397 508 3.0
397 527 3.0
397 531 3.0
397 543 3.0
397 544 3.0
397 546 3.0
397 549 3.0
397 550 3.0
397 554 3.0
397 559 3.0
397 564 3.0
397 566 3.0
397 568 3.0
397 575 3.0
397 576 3.0
397 578 3.0
397 582 3.0
397 588 3.0
397 591 3.0
397 597 3.0
397 616 3.0
397 622 3.0
397 628 3.0
397 633 3.0
397 651 3.0
397 655 3.0
397 660 3.0
397 679 3.0
397 684 3.0
397 693 3.0
397 697 3.0
397 710 3.0
397 720 3.0
397 722 3.0
397 727 3.0
397 732 3.0
397 735 3.0
397 738 3.0
397 742 3.0
397 744 3.0
397 746 3.0
397 747 3.0
397 754 3.0
397 755 3.0
397 760 3.0
397 763 3.0
397 768 3.0
397 772 3.0
397 774 4.0
397 779 3.0
397 781 3.0
397 806 3.0
397 809 3.0
397 813 3.0
397 817 2.0
397 824 3.0
397 825 3.0
397 826 3.0
397 845 3.0
397 924 3.0
397 926 3.0
397 928 3.0
397 941 3.0
397 946 3.0
397 959 3.0
397 969 3.0
397 975 3.0
397 977 2.0
397 986 3.0
398 258 3.0
398 259 3.0
398 288 4.0
398 294 3.0
398 304 3.0
398 307 4.0
398 321 3.0
398 323 3.0
398 689 3.0
399 1 3.0
399 9 2.0
399 11 3.0
399 13 3.0
399 14 3.0
399 26 3.0
399 44 2.0
399 50 2.0
399 64 2.0
399 65 3.0
399 70 3.0
399 71 2.0
399 83 3.0
399 97 3.0
399 100 3.0
399 111 3.0
399 117 3.0
399 121 3.0
399 127 2.0
399 133 3.0
399 135 3.0
399 143 3.0
399 144 2.0
399 147 3.0
399 151 3.0
399 153 2.0
399 154 2.0
399 157 3.0
399 161 2.0
399 162 3.0
399 168 2.0
399 172 2.0
399 173 3.0
399 174 3.0
399 181 3.0
399 194 3.0
399 196 3.0
399 197 3.0
399 198 2.0
399 199 3.0
399 202 3.0
399 204 3.0
399 210 3.0
399 225 3.0
399 235 2.0
399 237 3.0
399 248 3.0
399 257 2.0
399 272 2.0
399 273 3.0
399 275 2.0
399 276 3.0
399 280 2.0
399 282 3.0
399 294 2.0
399 302 3.0
399 312 2.0
399 315 3.0
399 316 3.0
399 318 2.0
399 321 3.0
399 322 2.0
399 328 2.0
399 357 3.0
399 365 3.0
399 371 2.0
399 385 3.0
399 404 3.0
399 430 3.0
399 435 3.0
399 451 3.0
399 462 3.0
399 471 3.0
399 478 3.0
399 481 3.0
399 484 3.0
399 485 2.0
399 486 2.0
399 493 2.0
399 499 2.0
399 501 3.0
399 507 3.0
399 508 3.0
399 509 2.0
399 511 2.0
399 515 3.0
399 519 3.0
399 520 2.0
399 527 3.0
399 528 2.0
399 535 3.0
399 553 3.0
399 566 2.0
399 582 3.0
399 603 3.0
399 604 2.0
399 609 3.0
399 630 3.0
399 632 3.0
399 638 3.0
399 651 2.0
399 654 3.0
399 655 3.0
399 659 3.0
399 661 3.0
399 684 2.0
399 707 3.0
399 724 3.0
399 735 3.0
399 748 2.0
399 762 3.0
399 815 2.0
399 866 2.0
399 892 2.0
400 1 4.0
400 9 4.0
400 10 4.0
400 13 4.0
400 16 4.0
400 19 4.0
400 25 4.0
400 42 4.0
400 48 4.0
400 50 4.0
400 96 4.0
400 111 4.0
400 116 4.0
400 117 4.0
400 124 4.0
400 126 4.0
400 127 4.0
400 135 4.0
400 151 4.0
400 182 4.0
400 204 4.0
400 222 4.0
400 234 4.0
400 237 4.0
400 245 4.0
400 255 4.0
400 273 4.0
400 276 4.0
400 286 4.0
400 455 4.0
400 471 4.0
400 475 4.0
400 476 4.0
400 480 4.0
400 483 4.0
400 511 4.0
400 529 4.0
400 591 4.0
400 628 4.0
400 696 4.0
400 764 4.0
